,Open,High,Low,Close,Volume
2011-12-14,14.035625226626918,14.035625226626918,12.38437588978242,12.79718780517578,955340
2011-12-15,12.300935009624048,12.7357055467378,12.300935009624048,12.472208023071287,57800
2011-12-16,12.700572638268678,12.898195991031866,12.116486863878697,12.3492431640625,37760
2011-12-19,11.59827426156556,12.60395615596076,11.59827426156556,12.037436485290527,13690
2011-12-20,12.033045263692856,12.296542776429154,11.945213317871094,11.945213317871094,4680
2011-12-21,12.164794751999636,12.164794751999636,11.681716105821268,11.730023384094238,3030
2011-12-22,11.593884002008,11.80907341827477,11.558751053181496,11.563142776489258,38700
2011-12-23,11.809073214067924,12.252627208854642,11.690500037351123,11.6992826461792,40020
2011-12-26,12.033046775673302,12.033046775673302,11.769549229827923,12.02865505218506,1260
2011-12-27,12.199928262190673,12.20871087105967,11.64219197368459,12.07257080078125,328890
2011-12-28,12.278976448268343,12.278976448268343,11.800290353125394,11.839814186096191,90
2011-12-29,12.037437351477788,12.296543149131034,11.637799766141873,11.98473834991455,1451140
2011-12-30,11.94521308013559,12.647871983267285,11.94521308013559,12.336067199707031,108850
2012-01-02,12.274583175194124,12.274583175194124,12.2482328414917,12.2482328414917,6250
2012-01-03,12.2526272121504,12.274585828315388,11.905689453099198,12.0769624710083,77520
2012-01-04,12.278976639596465,12.986028160754117,11.857381263407058,12.142836570739746,10180
2012-01-05,12.28336732975606,12.28336732975606,11.975954269880669,12.208709716796877,5200
2012-01-06,11.655366041494071,12.248234384695,11.655366041494071,12.208709716796877,1940
2012-01-09,11.85738128075362,12.120878810075256,11.844206111115094,11.8925142288208,5400
2012-01-10,12.208708961557646,12.7137461673172,11.9891278591006,12.322891235351562,276650
2012-01-11,11.91447196055523,12.296543502219553,11.91447196055523,12.274585723876951,60770
2012-01-12,10.17978031498173,12.20870928663217,10.17978031498173,11.611449241638184,93900
2012-01-13,11.857379913330078,12.120877412264504,11.857379913330078,11.857379913330078,13100
2012-01-16,12.164795126398102,12.164795126398102,11.769548416137695,11.769548416137695,1010
2012-01-17,11.769548416137695,11.769548416137695,11.769548416137695,11.769548416137695,0
2012-01-18,11.857379913330078,11.857379913330078,11.857379913330078,11.857379913330078,1000
2012-01-19,11.598275319791853,11.923255294483235,11.598275319791853,11.905689239501951,1650
2012-01-20,11.637799875478368,12.164794921875,11.637799875478368,12.164794921875,146130
2012-01-23,12.120879739994852,12.120879739994852,11.690500883744129,11.708066940307615,40
2012-01-24,12.120878414527697,12.120878414527697,11.857380893804926,11.98473834991455,23020
2012-01-25,11.128371770563527,13.91266057476948,11.11080487804298,13.15730094909668,346980
2012-01-27,13.438365666554226,14.42647993914125,13.438365666554226,14.018059730529783,252410
2012-01-30,13.614029212096623,13.78969393762884,12.85427875064762,13.78091049194336,44660
2012-01-31,13.614029548594162,14.0531917920972,13.614029548594162,13.952184677124023,52010
2012-02-01,13.614030551700736,13.79408701779303,13.012377865211086,13.697471618652344,5560
2012-02-02,13.438365318761347,13.526197268148875,13.27148319094463,13.35053253173828,1880
2012-02-03,13.218783962074346,13.42958164215088,13.183651015394924,13.42958164215088,10000
2012-02-06,13.789696268267065,14.053193819917643,13.262702002601529,13.50863265991211,187260
2012-02-07,13.526195556676829,14.053190536863376,12.981634523889625,13.715035438537598,19780
2012-02-08,13.789694058576565,14.044408122241212,13.701862113857834,13.710644721984863,140210
2012-02-09,13.438364953654544,13.46471445399136,13.311007499694824,13.311007499694824,16470
2012-02-10,13.482280513443714,13.701861623840935,12.560039682248282,13.179258346557615,5920
2012-02-13,13.087033557826352,13.087033557826352,12.827927786224928,12.942110061645508,4510
2012-02-14,12.911369703240448,12.911369703240448,12.867453311663118,12.889411926269531,36250
2012-02-15,12.779622058488474,13.0650773627526,12.779622058488474,12.841104507446287,21820
2012-02-16,12.61274115545297,14.755852845046803,12.56004214768908,14.496747016906738,702650
2012-02-17,14.496744745963763,14.58018664339578,13.789694112048975,14.457220077514648,185410
2012-02-21,14.053193314801469,15.370680188064108,14.053193314801469,14.351823806762695,103240
2012-02-22,14.913951604885018,15.072050304097502,14.53627175127103,14.817337036132812,303430
2012-02-23,14.58457828960205,15.19062267901823,13.789694831519782,14.85246753692627,1066530
2012-02-24,15.357505415563317,15.809842026341316,14.764635334412832,15.568303108215332,554050
2012-02-27,15.366287034805175,15.370677919948802,14.58018624769134,14.93151569366455,114360
2012-02-28,14.668018165974178,16.205085867636765,14.584576275710582,15.99428653717041,308060
2012-02-29,15.809842455587168,16.688167036453123,15.809842455587168,16.227046966552734,274060
2012-03-01,16.24900337350472,16.24900337350472,15.63417554872315,15.932806015014648,42940
2012-03-02,15.730792013439954,15.730792013439954,15.195013520348656,15.414594650268556,5040
2012-03-05,15.809840307525247,16.073336975875616,15.282845295553548,15.80105686187744,82040
2012-03-06,15.546344809309264,15.89767428531043,14.84368418203584,15.094006538391112,77760
2012-03-07,15.37067953846572,15.713225574950483,14.93151726593813,15.585869789123535,45260
2012-03-09,15.282844452369847,16.073336089078985,15.054479903939052,16.055770874023438,69080
2012-03-12,16.670597612470814,16.688164503486878,15.634174496316176,16.003070831298828,132430
2012-03-13,15.86254092321106,16.86383205061288,15.8098419192229,16.631074905395508,190450
2012-03-14,17.535748574155427,17.64553913538842,16.688165307415034,17.338125228881836,270530
2012-03-15,17.873900587357358,17.873900587357358,16.688162397727815,17.281030654907227,131110
2012-03-16,17.302990696766855,17.557703892008334,16.951659609816048,17.38204002380371,133820
2012-03-19,17.052672575742985,17.540141311870585,17.052672575742985,17.096588134765625,78880
2012-03-20,16.710122717330332,17.127327175900042,16.63546594146289,17.109760284423828,28090
2012-03-21,17.12732717403963,17.298600177736667,16.775997720908396,16.859437942504883,34380
2012-03-22,16.688163919623033,17.47426467474397,16.622288918253012,17.05706024169922,57190
2012-03-23,17.215161858439405,17.215161858439405,16.863832366485777,16.982404708862305,83800
2012-03-26,17.386429243803757,17.386429243803757,16.336831993975494,16.718902587890625,49580
2012-03-27,16.77599930318826,18.35698282902961,16.336837026535537,16.50811004638672,37560
2012-03-28,16.508108454832104,17.12732713820243,16.249002669576665,16.48175811767578,39880
2012-03-29,15.954763579122073,17.127325852592637,15.954763579122073,16.18312644958496,16450
2012-03-30,15.937198212466676,16.56520035444852,15.511210300351031,15.893280982971191,204760
2012-04-02,15.590263410408625,17.215164438942114,15.19501662566998,15.95915985107422,4210
2012-04-03,16.503716635025754,17.215158945248767,15.95915475819633,17.184417724609375,95040
2012-04-04,16.38514317255811,17.338124394043966,16.38514317255811,17.267858505249023,52790
2012-04-09,17.127327627680856,17.38204253499184,16.907746504249047,17.201984405517578,101720
2012-04-10,17.210771189668087,17.215163751140473,17.122940063476562,17.122940063476562,22350
2012-04-11,16.907746119986133,16.98240289612613,16.7759977839755,16.86383056640625,12150
2012-04-12,16.951663250876273,16.951663250876273,16.688166554337297,16.87261390686035,32820
2012-04-13,16.68816569922669,17.671889888089844,16.433450787055754,17.443525314331055,225490
2012-04-16,17.38643679259383,17.38643679259383,16.929707565203973,17.122940063476562,120490
2012-04-17,17.302989040041098,17.72458429369025,16.565196508519772,16.718902587890625,271350
2012-04-18,17.035106676879792,17.03949756293001,16.341229411955368,16.402711868286133,24140
2012-04-19,16.951659785644292,16.951659785644292,16.262175284548558,16.477365493774414,17750
2012-04-20,16.336833593682574,16.732078554454663,16.117252501496708,16.23582649230957,152500
2012-04-23,15.59025869045787,17.302992005433435,15.5507340239501,15.64295768737793,47950
2012-04-24,15.414596692494188,15.730794097557467,14.931518812777549,15.107184410095217,194110
2012-04-25,15.107182969375703,15.344329325286049,14.931517388810654,14.949084281921388,13580
2012-04-26,14.760239539695956,14.931512503308255,14.496741255063458,14.571399688720703,48070
2012-04-27,14.755850726943889,16.424668594208278,14.136632029971285,15.331153869628906,419820
2012-04-30,15.787883350287284,16.21826215773677,15.186231531995462,15.243321418762209,4660
2012-05-02,15.458512684680333,16.249004458413797,15.221364649978945,15.625394821166992,9360
2012-05-03,15.282846115751454,15.370678901672363,15.282846115751454,15.370678901672363,460
2012-05-04,15.028132359369945,15.757141609327256,14.790984348170689,15.085222244262695,16930
2012-05-07,14.913949728597402,15.48046943774592,14.685585155717275,15.243321418762209,12250
2012-05-08,14.931516040711411,15.01934882306391,14.668019368924895,14.782200813293455,4030
2012-05-09,14.417696907677817,14.668019246364702,14.417696907677817,14.602144241333008,1120
2012-05-10,14.536270842178906,15.019350356813383,13.877528257807503,14.378173828125,41050
2012-05-11,14.646058722479044,14.707542837801377,14.097105971632445,14.672409057617188,19940
2012-05-14,14.751459269487135,15.190621496414089,14.316687927710236,14.558228492736816,2760
2012-05-15,14.83490026701926,14.83490026701926,14.141024783248788,14.184940338134766,1810
2012-05-16,14.27277313401802,14.49235425915676,13.881918999314433,14.373780250549316,29900
2012-05-17,14.316690962666735,14.448440998890913,13.772130623989176,14.224467277526855,32460
2012-05-18,13.87752857502814,14.668021202087402,13.8731368515981,14.668021202087402,1260
2012-05-21,14.668020116888682,14.668020116888682,14.360606200614525,14.549446105957031,3840
2012-05-22,14.492354059969566,14.58018684387207,14.31229760684139,14.58018684387207,290
2012-05-23,14.057584267762367,14.395739434548082,13.969752311706545,13.969752311706545,7120
2012-05-24,14.487962618054816,14.487962618054816,13.767735995575928,14.105890274047852,200
2012-05-25,14.751460256207444,14.751460256207444,13.789694680367305,13.79847812652588,5630
2012-05-28,13.701862670259288,14.66801996484719,13.657946277298834,14.053192138671877,126300
2012-05-29,13.79408530848672,14.013666419207787,13.201216142012742,13.679903030395508,37670
2012-05-30,13.183651878078004,14.004884874560876,13.183651878078004,13.49545669555664,2070
2012-05-31,12.999203014547977,14.04880054394987,12.999203014547977,13.543764114379885,4220
2012-06-01,12.91137097070075,14.00927667973373,12.91137097070075,13.240742683410645,259560
2012-06-04,12.735705622693889,13.693079489731874,12.709356121460749,13.22317600250244,52870
2012-06-05,13.26270069674284,13.267091582259884,12.871845712518123,12.902586936950684,11290
2012-06-06,13.218782109258852,13.30661404482865,13.087032949451046,13.17486572265625,3560
2012-06-07,13.701861765365605,13.701861765365605,12.955285647249577,12.977243423461914,25300
2012-06-08,13.166085187752692,13.166085187752692,12.73570634672354,12.86306381225586,21210
2012-06-11,13.152908510641607,13.701861272560953,13.152908510641607,13.328573226928713,6120
2012-06-12,12.915760810123114,13.341747861543404,12.915760810123114,13.05190086364746,2030
2012-06-13,12.65226248111964,13.337356101795256,12.65226248111964,13.17486572265625,1400
2012-06-14,13.130952385910462,13.346141808845172,13.130952385910462,13.227568626403809,1800
2012-06-15,13.174867956356394,13.60085505206312,12.91576215287054,13.52619743347168,50060
2012-06-18,13.438365681712712,14.053192694573177,13.1968259296934,13.390057563781738,382670
2012-06-19,13.61842299329519,13.61842299329519,12.999204218680168,13.271484375,162130
2012-06-20,13.587680633161376,13.614030134367365,13.2012173731744,13.473498344421388,287240
2012-06-21,13.504240036010742,13.504240036010742,13.504240036010742,13.504240036010742,125000
2012-06-22,13.517414093017578,13.517414093017578,13.517414093017578,13.517414093017578,20
2012-06-25,13.113384663192477,13.513022231800717,12.91576132151346,13.148517608642578,520
2012-06-26,13.52619743347168,13.52619743347168,13.52619743347168,13.52619743347168,250
2012-06-27,13.552547454833984,13.552547454833984,13.552547454833984,13.552547454833984,20
2012-06-28,13.01237837331106,13.5218074038268,13.00798748750029,13.038728713989258,4550
2012-06-29,13.17486572265625,13.17486572265625,13.047508285272244,13.17486572265625,12600
2012-07-02,13.021158788364849,13.17486572265625,13.021158788364849,13.17486572265625,2520
2012-07-03,13.21878603204872,13.48228359222412,13.21878603204872,13.48228359222412,120
2012-07-04,13.526195140206257,13.526195140206257,13.012375343517244,13.17486572265625,36650
2012-07-05,12.889412651495782,13.570113827519975,12.889412651495782,13.52619743347168,58830
2012-07-06,13.174866504034066,13.635986496621078,12.911369006426296,13.631595611572266,227200
2012-07-09,13.701863393141208,14.22885846119878,13.701863393141208,14.070759773254396,64070
2012-07-10,14.228856465211358,15.01934811877401,14.228856465211358,14.51870346069336,157820
2012-07-11,14.316687657075375,15.370677651884384,14.294729881198297,14.883207321166992,312740
2012-07-12,14.536271041482925,15.019350562740811,14.316689897803297,14.92712688446045,93850
2012-07-13,14.58018782192053,15.282846789733346,14.58018782192053,15.195013999938965,39160
2012-07-16,15.028133709384417,15.37067975059666,14.5362707511701,15.19062328338623,323400
2012-07-17,15.370679794368812,15.370679794368812,14.931517514529704,15.06765842437744,10570
2012-07-18,14.40452060978308,14.918341282919688,14.38695371876094,14.426478385925291,1270
2012-07-19,13.877529068685089,14.927127552004135,13.798479719403629,14.496747016906738,2050
2012-07-20,13.890700848811267,14.93151569366455,13.890700848811267,14.93151569366455,26480
2012-07-23,14.501137306497547,14.501137306497547,14.141024405192718,14.457220077514648,3940
2012-07-24,14.101500743297546,14.237639974684573,13.952185504639662,14.022451400756836,140
2012-07-25,13.87752752725701,14.580187307935,13.87752752725701,13.98292636871338,490
2012-07-26,14.053190991733368,14.053190991733368,13.6140287732417,13.627203941345217,12220
2012-07-27,13.758953735582772,14.04880076361177,13.350532694914037,13.52619743347168,358300
2012-07-30,14.483570946886177,14.483570946886177,13.61402988433838,13.61402988433838,750
2012-07-31,13.635988437834964,14.05319293824329,13.2714837795047,13.499848365783691,12310
2012-08-01,13.130951600676289,13.697471326520027,13.130951600676289,13.40323257446289,4030
2012-08-02,13.174868578177334,13.96536035781374,13.174868578177334,13.85996150970459,8450
2012-08-03,13.306615288491408,13.438364460612751,13.306615288491408,13.412014961242676,2860
2012-08-06,13.332965484895292,13.868743100492749,13.332965484895292,13.855567932128906,4110
2012-08-07,13.855569938996856,13.917053229298004,13.53498166776134,13.7282133102417,5510
2012-08-08,14.053191237548498,14.571402798454775,14.013666570182057,14.048799514770508,31350
2012-08-09,13.886310038718854,13.886310038718854,13.526196307605668,13.60085391998291,13260
2012-08-10,13.618421607397975,13.618421607397975,13.61402988433838,13.61402988433838,800
2012-08-13,13.130949592780606,14.466002243208026,13.130949592780606,14.171764373779297,64760
2012-08-14,13.895093139757762,14.58018684387207,13.895093139757762,14.58018684387207,37590
2012-08-16,14.141023865321744,14.668018866100187,14.057581971075347,14.624101638793944,19180
2012-08-17,13.93901026287856,14.755851510422945,13.93901026287856,14.646060943603516,6600
2012-08-21,15.107184185532263,15.216974763405982,14.14102676518928,14.237641334533691,1170
2012-08-22,14.45721971427462,14.883207610715289,13.723819599032383,13.855567932128906,8480
2012-08-23,13.965359051325532,14.457220296486922,13.35931552198566,14.26838207244873,20060
2012-08-24,13.877528094959109,14.483571667534148,13.363708198317754,14.193724632263184,24860
2012-08-27,14.05758285522461,14.05758285522461,14.05758285522461,14.05758285522461,20
2012-08-28,13.83800298870709,14.141025184300316,13.2012173731744,13.473498344421388,17040
2012-08-29,13.657946551309497,13.657946551309497,12.445858604515436,12.784013748168944,30420
2012-08-30,12.577607018079792,13.262700755477391,12.5600409630272,13.087035179138184,3190
2012-08-31,13.57011366166041,13.57011366166041,13.35053253173828,13.35053253173828,4440
2012-09-03,13.29783324923481,13.438365035400032,13.17486751752248,13.43397331237793,3850
2012-09-04,13.179258346557615,13.179258346557615,13.179258346557615,13.179258346557615,100
2012-09-05,13.17486572265625,13.17486572265625,13.17486572265625,13.17486572265625,1500
2012-09-06,12.85867181238947,13.319791869629732,12.854280089089444,13.065077781677246,930
2012-09-07,13.368098885764594,13.385664939880373,13.368098885764594,13.385664939880373,50
2012-09-10,13.350533073303955,13.350533073303955,13.113385878938638,13.12656021118164,1130
2012-09-11,13.12656021118164,13.12656021118164,13.12656021118164,13.12656021118164,0
2012-09-12,13.438365830703503,13.438365830703503,12.889412984985514,13.258309364318848,5550
2012-09-13,13.253915051013852,13.253915051013852,13.087032949451046,13.17486572265625,1710
2012-09-14,13.262701582619686,13.61403108193804,12.920154692557592,13.346141815185549,28860
2012-09-17,13.517412975661063,14.755849422489886,13.517412975661063,14.277162551879885,60010
2012-09-18,13.965359063520852,14.404521308759062,13.754561386839034,14.127848625183104,27470
2012-09-20,14.185661281658092,14.256812715032668,14.061148181661816,14.190108299255373,2480
2012-09-21,14.572541833725932,14.572541833725932,13.709840016664849,13.963314056396484,13390
2012-09-24,13.696498468591775,15.137299738935912,13.696498468591775,14.92829418182373,146900
2012-09-25,14.852696063211855,14.852696063211855,14.674818793233378,14.70150089263916,8440
2012-09-26,15.119511812599365,15.119511812599365,14.40800605290481,14.461368560791016,3530
2012-09-27,14.63924261251223,15.021677554252948,14.319065902513437,14.892718315124512,9050
2012-09-28,14.452472426114786,15.47526244315179,14.452472426114786,15.03057098388672,82300
2012-10-01,15.217347371342653,15.217347371342653,14.585884405759488,14.737079620361328,380
2012-10-03,15.288495200605356,15.386326183193242,14.763759062097094,14.990550994873049,47010
2012-10-04,14.67482089996338,14.883826467738606,14.58588225220603,14.67482089996338,24150
2012-10-05,14.287940336362606,14.639245380474817,14.283492470786936,14.621459007263184,16570
2012-10-08,14.928293558109656,14.928293558109656,14.630351066589355,14.630351066589355,12050
2012-10-09,14.932742461112236,14.932742461112236,14.216787974882116,14.608116149902344,10870
2012-10-10,14.81267676119171,14.81267676119171,14.052253737808826,14.230130195617676,3290
2012-10-11,14.514729087893285,14.514729087893285,14.381321988201687,14.470260620117188,38110
2012-10-12,14.470261030778795,14.568092001935284,13.945524953585128,14.514729499816896,46920
2012-10-15,14.230130494095896,14.56364917755127,14.230130494095896,14.56364917755127,37120
2012-10-16,14.230129499306615,14.568094328515151,14.199001226735971,14.474709510803224,16520
2012-10-17,13.69649872530988,14.55920137544003,13.69649872530988,14.54141330718994,6410
2012-10-18,14.070040340578268,14.496943820540643,14.070040340578268,14.47915744781494,16600
2012-10-19,14.408007055838777,14.408007055838777,14.14563812243811,14.176766395568848,10530
2012-10-22,14.408005428814583,14.532518507276896,13.963313075994911,14.150083541870115,7470
2012-10-23,14.319068075944722,14.319068075944722,13.941080093383787,13.941080093383787,11890
2012-10-25,14.443579586343864,14.443579586343864,13.80322444280235,14.0878267288208,1900
2012-10-29,14.448029103664744,14.496943748873164,14.136744681594688,14.474709510803224,11110
2012-10-30,14.630351262333251,14.630351262333251,13.967760170345365,14.505836486816406,11470
2012-10-31,14.496943138706904,14.496943138706904,14.110061984209882,14.26125717163086,10140
2012-11-01,14.230128967973684,14.363536087775724,14.025571271186315,14.35019588470459,17080
2012-11-02,14.66592521107817,14.674819244486924,14.07448556030339,14.372428894042969,11100
2012-11-05,13.97665476773848,14.154531208118406,13.65203015802239,13.812118530273438,19560
2012-11-06,13.60756146426504,13.60756146426504,13.251807718895074,13.394109725952148,4540
2012-11-07,13.861035239080987,14.496943424374392,13.073931015205453,14.056699752807615,39920
2012-11-08,14.2301295429731,14.2301295429731,13.518622896188084,13.745415687561035,5330
2012-11-09,14.541413681343084,16.115622138345856,14.452475034167794,15.315176010131836,570160
2012-11-12,15.653142367353936,16.435798722358022,15.217344866726668,16.257923126220703,310190
2012-11-15,13.456364534338793,16.54252369985166,13.456364534338793,16.231239318847656,39730
2012-11-16,16.008892660905214,16.142299760473428,15.573095230921949,15.942188262939451,23060
2012-11-19,15.831016688499703,16.449139297158275,15.457475761422756,16.008893966674805,43910
2012-11-20,15.96442502478591,16.409116510753613,15.96442502478591,16.057809829711914,58690
2012-11-21,15.586437633035665,16.39132990506401,15.586437633035665,16.106727600097656,81860
2012-11-22,15.857698993159406,16.088938779216775,15.653141308080626,15.995553970336914,112750
2012-11-23,16.266818261731878,16.54252655704627,15.83101903523779,16.1556453704834,374490
2012-11-26,15.737631085751604,16.400222132297934,15.737631085751604,16.088937759399414,181080
2012-11-27,16.097835176194437,16.453588092986262,16.097835176194437,16.31128692626953,210340
2012-11-29,16.11117122699777,16.395773487060715,15.91995376544986,15.977764129638672,220940
2012-11-30,15.835469093916023,16.542528848032067,15.835469093916023,16.466930389404297,201700
2012-12-03,16.498053748128896,16.542523915344997,16.231239530286004,16.38688087463379,193900
2012-12-04,16.27571135234629,16.6314659778721,16.23124287233745,16.609230041503906,205260
2012-12-05,16.453589109742982,16.702617015067908,16.284605827688075,16.400226593017578,119830
2012-12-06,16.231242288197137,16.698168096941025,16.05336498183579,16.493610382080078,220950
2012-12-07,16.49805336156897,16.631462163727992,16.088938010947246,16.622568130493164,169640
2012-12-10,16.622567786755678,18.58810328919578,16.453584551515135,16.64035415649414,18500
2012-12-11,16.640360559292766,17.658704834550104,16.053367722979367,16.404674530029297,34380
2012-12-12,16.729293729538604,16.729293729538604,15.7998884280996,16.19121742248535,16850
2012-12-13,15.919955940450452,16.542524741666593,15.799889027514617,16.137855529785156,172870
2012-12-14,16.45358637951924,16.45358637951924,15.831017567694715,15.933298110961914,151970
2012-12-17,15.79989195609197,16.03113179093744,15.564205951660394,15.750975608825684,245990
2012-12-18,15.831016886348216,16.053362638664137,15.688715740575104,15.89772129058838,206700
2012-12-19,16.008893892275292,16.008893892275292,15.768760076763938,15.919955253601074,222720
2012-12-20,16.09783153137159,16.182322299865838,15.564201428824926,15.639798164367676,223420
2012-12-21,15.426348618698484,15.959978795828428,15.297389363785967,15.435242652893066,204640
2012-12-24,15.208451066246829,15.653142607971215,15.119512418629228,15.123958587646484,67140
2012-12-26,15.13285101882104,15.65314094962644,15.119510816818966,15.648693084716797,18480
2012-12-27,15.653141021728516,15.653141021728516,15.501945845009349,15.653141021728516,10090
2012-12-28,15.43968970349794,15.51973431066206,15.319622792751757,15.515286445617676,4800
2012-12-31,15.653141021728516,15.653141021728516,15.270706063182184,15.653141021728516,6540
2013-01-01,15.653140718454017,15.653140718454017,14.98610348638663,15.226237297058104,5700
2013-01-02,15.608672448869864,15.608672448869864,14.852698184405025,14.95497703552246,38740
2013-01-03,15.510840753063793,15.510840753063793,15.070595400147177,15.101723670959473,23130
2013-01-04,15.475263850715198,15.475263850715198,15.03946638456076,15.088382720947266,17600
2013-01-07,14.986104626478726,15.208450387416502,14.89716598283091,14.93274211883545,73850
2013-01-08,15.11951208562879,15.564203617559048,14.465814990854966,14.888272285461426,214090
2013-01-09,15.20845031160328,15.372985698895246,14.692608216653626,14.830461502075195,684150
2013-01-10,15.29738860884352,15.29738860884352,14.590329040722295,14.87493133544922,34730
2013-01-11,15.297388677407568,15.297388677407568,14.941634111040909,14.950528144836426,5160
2013-01-14,15.119510915768249,15.119510915768249,14.98610380578416,14.999444007873535,14110
2013-01-15,15.11951173895608,15.22179058539128,15.048361163333182,15.101723670959473,19530
2013-01-16,15.115066093507345,16.702614745358517,15.088383990588548,15.78654956817627,221410
2013-01-17,16.00889485624436,16.00889485624436,15.212896621542738,15.470818519592283,580290
2013-01-18,15.288494176481343,16.79599808330879,15.119510932256713,16.56475830078125,1725810
2013-01-21,16.63146452980731,17.21400937047558,16.63146452980731,16.93830108642578,424870
2013-01-22,16.889385148913256,18.12118096665175,16.80934053286067,17.801002502441406,1435560
2013-01-23,17.965539692957165,18.67259934083436,17.79210855970424,18.34352684020996,953760
2013-01-24,18.303505353923946,19.15731406911897,18.303505353923946,18.801559448242188,688990
2013-01-25,18.85491978034535,19.077265524470352,18.28571352185824,18.99277305603028,137520
2013-01-28,18.92162661260817,20.540303711456627,18.85492389264072,20.051143646240234,4933880
2013-01-29,20.073375444034664,20.073375444034664,19.148417941382046,19.366315841674805,239560
2013-01-30,19.55753333577212,19.9933308327212,19.03279719332324,19.366315841674805,1230820
2013-01-31,19.56642729491125,19.91773401028805,19.19288634233568,19.739856719970703,69980
2013-02-01,20.01111936459034,20.277933610906103,19.83324206947076,20.060035705566406,240940
2013-02-04,20.028906965433613,20.277933137146626,19.566427366018644,19.744304656982425,67960
2013-02-05,19.91328787888521,19.922181913811844,18.854923168071966,19.57087516784668,16700
2013-02-06,19.744303484690743,19.744303484690743,19.39299678889561,19.47748756408692,3190
2013-02-07,19.56642620428819,19.85547636085147,19.04169009310048,19.47748756408692,170920
2013-02-08,19.210674484445395,19.713176389613427,19.201780450259005,19.561981201171875,28930
2013-02-11,19.628681139540827,19.628681139540827,19.21067177002543,19.264034271240234,3750
2013-02-12,19.255139509105653,20.21567297641272,18.521399632008503,18.96164321899414,42290
2013-02-13,18.837133756033825,19.419678583128984,18.499167238357565,18.623682022094727,38980
2013-02-14,19.015007678331774,19.015007678331774,18.36575849939473,18.588104248046875,77090
2013-02-15,19.10839580281703,19.12618217498167,17.96553869351447,18.25458717346192,26480
2013-02-18,18.232351427416468,18.37910043608672,17.734297424381,18.03223991394043,25820
2013-02-19,18.588104310953675,18.588104310953675,17.49860979959834,18.410228729248047,34560
2013-02-20,18.668149324169416,18.668149324169416,17.81878861074787,18.187883377075195,8310
2013-02-21,18.4769329527371,18.48138081805378,17.614231984932225,17.88994026184082,31290
2013-02-22,17.698721558182218,18.018899984590576,17.520845974015828,18.010005950927734,4460
2013-02-25,17.8321296277197,17.8321296277197,17.316287522126174,17.3785457611084,1050
2013-02-26,17.787661712065482,17.787661712065482,17.31184189697682,17.320735931396484,4130
2013-02-27,17.698721732154652,17.778766339543555,16.453585845296782,17.071706771850586,3700
2013-02-28,17.698721932452617,17.698721932452617,16.453586031503438,16.49805450439453,14300
2013-03-01,17.516394867576206,17.78765690682337,15.831013968527536,17.409669876098633,110260
2013-03-04,17.316288889077075,17.32518292391949,16.498056343575556,16.50695037841797,53250
2013-03-05,17.49416424588284,17.49416424588284,16.173429905162838,16.680377960205078,6650
2013-03-06,16.498053810191536,17.200667187578176,16.05336231453825,16.20900535583496,32030
2013-03-07,17.01389848988975,17.01389848988975,16.137857262458073,16.50695037841797,15370
2013-03-08,16.809339182948946,16.809339182948946,15.742080548562516,16.29349708557129,10840
2013-03-11,16.56031234021906,16.720399856567383,16.191217577982055,16.720399856567383,13470
2013-03-12,17.600891530943535,17.600891530943535,16.72040081078018,16.818233489990234,93690
2013-03-13,16.168984403298168,16.96942882302941,16.097833825907912,16.6314640045166,10360
2013-03-14,16.46692589477199,16.987215837966644,16.453585692452254,16.52918243408203,218130
2013-03-15,16.898278752586712,16.898278752586712,16.10672834332822,16.2179012298584,16690
2013-03-18,16.453584221983192,16.453584221983192,15.430794190700144,16.12895965576172,5530
2013-03-19,16.128962267657975,16.27570959291453,15.301835736542657,15.519735336303713,29390
2013-03-20,15.83101806943696,15.83101806943696,14.510285355506122,15.155088424682615,10950
2013-03-21,15.559757381915388,15.755421044434758,14.23012896074574,14.714842796325684,1068920
2013-03-22,14.97276163186254,15.026125831965134,14.319066296058148,14.93718719482422,116600
2013-03-25,14.230129357540246,15.564203984809645,14.230129357540246,14.67482089996338,105080
2013-03-26,14.763758054821844,15.297388191042092,14.319066557365543,14.914953231811523,232040
2013-03-28,15.208449478764326,15.208449478764326,14.510283966841769,14.910505294799805,1046620
2013-04-01,15.47081733464438,15.47081733464438,14.688159362765658,15.119510650634766,2620
2013-04-02,15.430795036475075,15.430795036475075,14.648137064405624,15.204001426696776,14890
2013-04-03,15.341855960615105,15.564201699174744,14.49694147554313,14.892718315124512,617450
2013-04-04,14.852696063211855,15.26625927400296,14.58588015824414,14.70150089263916,4440
2013-04-05,15.11951258213578,15.19066316172658,14.585882387022968,14.65703296661377,15610
2013-04-08,15.106173388356629,15.106173388356629,14.67926818591149,15.026128768920898,3830
2013-04-09,15.026128684666464,15.03057485400408,14.408007668550496,14.58143711090088,5000
2013-04-10,14.630354092264406,14.6748225730311,14.28794136199669,14.416900634765623,6010
2013-04-11,14.674821934264356,14.848251376614735,14.425794042264684,14.58143711090088,127840
2013-04-12,14.408006653054944,14.67482089996338,14.408006653054944,14.67482089996338,61080
2013-04-15,14.941635906331364,15.021680523745156,14.674821645861185,14.688161849975586,100480
2013-04-16,15.008340389348756,15.008340389348756,14.674821714029893,14.67926788330078,39630
2013-04-17,14.67482089996338,14.928294943435477,14.67482089996338,14.67482089996338,22810
2013-04-18,14.91940090902338,14.928294943435477,14.67482089996338,14.67482089996338,12250
2013-04-22,14.92829262424286,15.73318480167519,14.92829262424286,15.63535213470459,34510
2013-04-23,16.00889521600709,16.00889521600709,14.892720212624347,15.159534454345703,4500
2013-04-25,15.297389713864428,15.47526531273602,15.119512418629228,15.123958587646484,7940
2013-04-26,15.1195107260473,15.208449363708496,15.1195107260473,15.208449363708496,1500
2013-04-29,15.035019452093612,15.035019452093612,14.852696014329242,14.892718315124512,2200
2013-04-30,15.119510378833615,15.163978848461309,14.946080972376905,15.14174461364746,110
2013-05-02,15.119512157741395,17.609784069882785,15.119512157741395,17.156198501586914,330130
2013-05-03,17.200668269644428,17.200668269644428,16.146749833627595,16.84491539001465,23570
2013-05-06,16.333517305260127,17.302944834632022,16.333517305260127,17.058364868164062,8300
2013-05-07,17.254034187401036,17.254034187401036,16.631466949102265,16.893835067749023,5100
2013-05-08,16.63146366223678,16.89827789786823,16.369095595441653,16.84491539001465,4190
2013-05-09,16.240137587974193,16.791554227185383,16.226797382685422,16.56031608581543,23520
2013-05-10,16.315731191336507,16.898277690843287,16.315731191336507,16.85825538635254,8710
2013-05-13,16.764871563873108,16.764871563873108,15.844360202634643,16.031129837036133,26980
2013-05-14,15.568648551690387,16.084490619962235,15.564202383123693,15.653141021728516,18040
2013-05-15,15.964425694828542,16.186771447144462,15.831016886348216,15.89772129058838,13130
2013-05-16,15.83101583950662,16.453584583368613,15.617564134961658,15.626458168029783,2090
2013-05-17,15.626458501909555,16.613674140841102,15.510839462280272,15.510839462280272,8030
2013-05-20,15.62201356103206,16.27126277262481,15.564203188493014,15.644246101379396,5150
2013-05-21,16.15564201285078,16.16453434950251,15.341855803786816,15.368537902832031,70760
2013-05-22,15.119513150361362,15.919957624931284,14.963871781770765,15.332964897155762,19250
2013-05-23,15.466372502792964,15.742082501871527,15.168429960504382,15.381881713867188,13160
2013-05-24,15.87103865757843,15.87103865757843,14.98610354299008,15.119510650634766,25730
2013-05-27,15.297389363785967,15.768761301553834,14.897166306847618,15.435242652893066,15400
2013-05-28,15.519736380603824,16.008896426191985,15.519736380603824,15.964427947998049,1078550
2013-05-29,15.999999933129704,16.275708187574004,15.831016688499703,16.008893966674805,1660
2013-05-30,16.008894374325592,16.36464724337124,15.599778999013967,15.884381294250488,7980
2013-05-31,16.275708882812314,16.32017905243741,15.564203132445908,15.595333099365234,55010
2013-06-03,15.564201560000594,16.00889303314347,15.346301991760711,15.550861358642578,7920
2013-06-04,15.3418583852357,15.564204158934768,15.3418583852357,15.390774726867676,3070
2013-06-05,15.119510650634766,15.128404683992866,14.928293174344136,15.119510650634766,2270
2013-06-06,15.119512418629228,15.123958587646484,15.119512418629228,15.123958587646484,2140
2013-06-07,14.763759260701478,15.919956569978782,14.50139118791793,15.159534454345703,20040
2013-06-10,15.386325975071356,15.804337091218,14.768205031214166,15.564203262329102,44770
2013-06-11,15.38632597803926,15.87548766991065,14.714842526420634,15.115065574645996,102710
2013-06-12,14.594773557370546,15.7732066029683,14.594773557370546,15.03057098388672,30550
2013-06-13,15.733186737326564,15.733186737326564,14.123403032592153,14.443580627441406,19790
2013-06-14,14.496942520141602,14.54141268887591,14.496942520141602,14.496942520141602,12060
2013-06-17,14.972763475821347,15.22623921661675,14.67482095552433,14.946083068847656,6440
2013-06-18,15.03057337928434,15.626460097519548,14.49694320384984,14.532519340515137,11880
2013-06-19,14.532519268746396,15.208450594776876,14.408006183759891,14.528071403503418,40130
2013-06-20,14.541412136082457,14.834908453117656,14.230127752229745,14.372428894042969,5320
2013-06-21,14.66592727554542,14.670375141057615,13.963314652802216,14.176766395568848,5230
2013-06-24,14.052253030435448,14.230129479290213,14.052253030435448,14.199000358581545,780
2013-06-25,13.674263787425716,14.8927192582987,13.607560231269742,13.78098964691162,56640
2013-06-26,13.536410229046858,14.025571075119204,13.340745720981566,13.451918601989746,18780
2013-06-27,14.408006199218818,14.408006199218818,13.540857379535208,13.71428680419922,2040
2013-06-28,13.518621727227677,14.49694253980221,13.518621727227677,13.861034393310549,4290
2013-07-01,14.408006049068057,14.963870453795009,14.385770115788146,14.728182792663574,4230
2013-07-02,14.674821764230728,14.674821764230728,14.230130195617676,14.230130195617676,2100
2013-07-03,14.230128560373933,14.652585841282738,13.358533593178272,14.0255708694458,2230
2013-07-04,13.963312807157727,14.350194781944015,13.340744882287328,13.536409378051758,16470
2013-07-05,13.963313876323811,14.728183002795298,13.963313876323811,14.434686660766602,12270
2013-07-08,13.785437723305895,15.817677922935776,13.732074365370528,15.413008689880373,86230
2013-07-09,15.648693443069126,16.000000138984944,15.075042691118934,15.995553970336914,425890
2013-07-10,15.653142872729134,15.991107703756033,15.070596332526067,15.479713439941406,15600
2013-07-11,15.25736706236284,15.982213037606698,14.932742447805788,15.25291919708252,1520
2013-07-12,15.106173187924886,15.875489401081968,14.679267991144012,14.941636085510254,5780
2013-07-15,15.564205309417288,15.564205309417288,15.18177027896769,15.559759140014648,2420
2013-07-16,15.11951099021805,15.742079768360645,14.93274137459334,15.088382720947266,55610
2013-07-17,14.763759684181782,14.763759684181782,14.621458525000184,14.65703296661377,1890
2013-07-18,15.297388286037512,15.47526386830656,14.986103896612365,15.45302963256836,1000
2013-07-19,13.883267698417626,15.742079068462434,13.349638431397246,15.235129356384276,63250
2013-07-22,15.47526304004294,15.799887614263833,15.123956366546212,15.350749969482422,15490
2013-07-23,15.559756049470346,15.608670688638757,15.137298792852222,15.208449363708496,15900
2013-07-24,15.248471593498117,15.252917761996544,15.097276419100384,15.204001426696776,1500
2013-07-25,15.83101794598014,15.83101794598014,14.408006393001289,14.52807331085205,7320
2013-07-26,14.24346742813977,15.119510178369824,14.24346742813977,14.514729499816896,7080
2013-07-29,14.310172014472307,14.319066047668455,14.27459588168771,14.319066047668455,2340
2013-07-30,14.27459983980446,14.319070018116074,13.57643500395065,13.683161735534668,3140
2013-07-31,13.705392704812146,13.785437315254969,13.349639823046015,13.540857315063477,2640
2013-08-01,13.807671159686835,13.807671159686835,12.89605389596865,13.198443412780762,22620
2013-08-02,14.052251492671266,14.483601939963313,13.234019069298238,13.798776626586914,19290
2013-08-05,13.665371552603734,13.665371552603734,12.94052467677827,12.976099967956545,7480
2013-08-06,12.722625218669736,13.162869741067544,12.59811128224318,12.664813995361328,37730
2013-08-07,12.674032881111703,13.08881923595682,12.674032881111703,12.895251274108888,116850
2013-08-08,12.9136882984298,12.98281921516562,12.747773395025993,12.890644073486328,48560
2013-08-12,12.909079749766516,13.194821113246327,12.75699137783763,13.03351593017578,85320
2013-08-13,13.637258786988554,13.637258786988554,12.81229408309828,12.96899127960205,59910
2013-08-14,13.365341380699329,14.287089062126867,13.005859468485635,13.678735733032228,43270
2013-08-16,15.116664297810765,15.116664297810765,13.056558181860742,13.065775871276855,14120
2013-08-19,12.904470363018314,12.904470363018314,12.609511321730167,12.816904067993164,13060
2013-08-20,12.99664429777819,13.088818550109863,12.99664429777819,13.088818550109863,1820
2013-08-21,13.365342722866684,13.365342722866684,12.632553172220218,12.858381271362305,830
2013-08-22,12.591073720284651,13.08881745414937,12.29611473104545,12.655595779418944,4860
2013-08-23,12.738554664040873,12.904469553885948,12.733945819428818,12.872207641601562,2100
2013-08-26,12.86759893438746,13.268559602053829,12.56342223990146,13.16716766357422,5850
2013-08-27,12.775425202289204,13.07960193003081,12.720120822180151,13.038124084472656,670
2013-08-28,12.250027596870236,12.904468536376951,12.250027596870236,12.904468536376951,940
2013-08-29,12.199331189182235,13.273167285797433,12.199331189182235,12.904468536376951,9050
2013-08-30,12.803076924004245,13.088818242273437,12.44359497493794,12.54959487915039,18900
2013-09-02,13.305429491852244,14.936922593180444,12.798468040823597,13.807781219482422,213340
2013-09-03,14.28709330262717,14.28709330262717,12.57725126802968,12.678643226623535,11320
2013-09-04,12.7754230218453,13.365341876290248,12.7754230218453,13.360733032226562,170
2013-09-05,13.088818573332338,13.36534308891238,12.858381623523504,12.950556755065918,690
2013-09-06,13.296211507040686,13.296211507040686,12.904468536376951,12.904468536376951,520
2013-09-10,13.29621083278817,14.563613928340738,13.02429518923676,14.44378662109375,64850
2013-09-11,14.379266738891602,14.655790389255204,14.333179170815251,14.379266738891602,23350
2013-09-12,14.927705487724188,15.116663718274072,14.287091041667123,14.42074489593506,6740
2013-09-13,14.37926582177776,14.37926582177776,13.466734845018737,13.84465217590332,3490
2013-09-16,13.365341885884602,14.517526531219485,13.157948298105476,13.826215744018556,10600
2013-09-17,13.462125878901723,13.480561256408691,13.402212660098446,13.480561256408691,670
2013-09-18,13.826217298018316,14.227177986441626,13.826217298018316,13.992132186889648,530
2013-09-19,14.194916332034412,14.840140520892808,14.194916332034412,14.757183074951172,11710
2013-09-20,15.07979521133849,15.393189617302331,14.747965426648662,15.052142143249512,67400
2013-09-23,15.453102032421157,15.60519127047155,15.162752727570478,15.208839416503906,16260
2013-09-24,14.747963939686391,15.162751128727797,14.310133408608092,14.697267532348633,2420
2013-09-25,14.111960599474784,15.11205709647684,14.093525219710145,14.116568565368652,3770
2013-09-26,14.194914068412237,15.208836878604725,14.194914068412237,15.18118381500244,35720
2013-09-27,14.84014020763444,14.978402028587125,14.102741778109936,14.45761489868164,7920
2013-09-30,14.738747063795266,14.950748635173206,14.28709085421402,14.314743041992188,6340
2013-10-01,14.015175452207034,14.747965035218217,14.015175452207034,14.66500759124756,6790
2013-10-03,14.60048627676166,14.605095121557977,14.16265569063176,14.194916725158691,4760
2013-10-04,14.747964744369058,15.36553583836329,14.296308535044083,14.641963958740234,3710
2013-10-07,14.185699214756928,14.185699214756928,13.641867862283709,13.853869438171388,23990
2013-10-08,13.365343864429764,13.826217790789412,13.365343864429764,13.793956756591797,5420
2013-10-09,14.420744162624125,14.420744162624125,13.6142148706397,13.82160758972168,8290
2013-10-10,13.830826480834888,14.287091557341746,13.291603957863648,13.54969310760498,160390
2013-10-11,13.319255002563208,14.605093554182654,12.996643812868296,13.356124877929688,23970
2013-10-14,13.9137825599569,14.102740778757596,12.909077369818275,13.144124031066896,234240
2013-10-15,13.31925484923678,13.31925484923678,12.872207505683557,12.904468536376951,15320
2013-10-17,12.909078934869644,13.314647608062357,12.692468503386264,12.724729537963867,8470
2013-10-18,12.909077150092132,13.365342173994565,12.909077150092132,13.314645767211914,19800
2013-10-21,13.641866642496804,13.641866642496804,12.807685189146754,12.830728530883787,13880
2013-10-22,13.08881837653964,13.360734043549542,13.019687468445824,13.171775817871094,15280
2013-10-23,13.365343623234518,13.98291474373534,13.365343623234518,13.720216751098633,79980
2013-10-24,13.918393092639988,13.923001058396617,12.766208263085264,12.913688659667969,25210
2013-10-25,13.273167336702812,13.273167336702812,12.904468585868296,13.111862182617188,1290
2013-10-28,12.770815002402038,13.273167610168455,12.770815002402038,13.273167610168455,7450
2013-10-29,13.591170859006333,13.591170859006333,12.90446887099952,13.134905815124512,36600
2013-10-30,13.457519356087408,13.64186875568163,13.074994022286669,13.628042221069336,1650
2013-10-31,13.641867128734727,13.641867128734727,13.402212498320129,13.49438762664795,3980
2013-11-01,13.148732593685072,13.549692391681118,13.0888184948277,13.535866737365724,2090
2013-11-05,13.190211429591429,14.139611419244025,13.180993740602762,14.05665397644043,7440
2013-11-06,13.830826188330557,14.462222954761126,13.826217343730312,14.287091255187988,23590
2013-11-07,14.471441006637166,14.563616142857637,14.056654651739548,14.121176719665527,33550
2013-11-08,14.28709152174664,14.28709152174664,13.56351960790574,13.789348602294922,5440
2013-11-11,13.770911933261017,13.770911933261017,13.107254141112756,13.213254928588867,13110
2013-11-12,13.816999383375792,13.816999383375792,13.20864597283795,13.522040367126465,740
2013-11-13,13.6418683280637,13.6418683280637,13.637259483337402,13.637259483337402,170
2013-11-14,13.641868931952072,13.641868931952072,12.858382874743883,13.180994987487791,4630
2013-11-18,13.365342412676132,13.365342412676132,12.899859692128302,12.904468536376951,34380
2013-11-19,13.001252662355812,13.457518609737136,12.904469562579138,13.061166763305664,26310
2013-11-20,13.116470192151166,13.471343290432824,13.111862226916433,13.217862129211426,2790
2013-11-21,13.365344389464047,13.365344389464047,13.180994987487791,13.180994987487791,4550
2013-11-22,13.365344389464047,13.545084946509984,13.088819846976024,13.180994987487791,16610
2013-11-25,13.199428294892082,13.618823476116152,13.180993795884635,13.194819450378418,4370
2013-11-26,12.13020133766721,13.798565301632625,12.13020133766721,13.236298561096191,19970
2013-11-27,13.609607880918718,13.872305888315282,13.134907402206512,13.80317497253418,12870
2013-11-28,13.641867526031527,14.135002455138627,13.641867526031527,13.6925630569458,9120
2013-11-29,13.63264928332201,14.259438039030154,13.374560157638076,14.061262130737305,25670
2013-12-02,14.64196294920662,14.64196294920662,13.964477802883184,13.969086647033691,5850
2013-12-03,13.310038686635346,14.374658095851007,13.310038686635346,13.88152313232422,9980
2013-12-04,13.646475220641392,13.826215744018556,13.6418663765744,13.826215744018556,4190
2013-12-05,13.485170895118458,13.918392622531751,13.485170895118458,13.840044021606444,23050
2013-12-06,13.82160762508538,14.28709035170731,13.549691964196851,13.77091121673584,6370740
2013-12-09,14.56361427018212,14.56361427018212,13.558909106568365,13.743258476257324,132450
2013-12-10,13.918392613867358,14.098133159799955,13.093427882341084,13.148733139038086,84820
2013-12-11,13.227080243439042,13.40682076903629,13.180992681246968,13.20864486694336,15100
2013-12-12,13.45290938096514,13.45290938096514,13.273167962295451,13.36534309387207,516300
2013-12-13,13.687954832643364,13.687954832643364,13.111862472330886,13.134905815124512,16630
2013-12-16,13.273168730979098,13.448301315307615,13.273168730979098,13.448301315307615,9040
2013-12-17,14.287090220068473,14.287090220068473,12.89985974160197,13.111862182617188,102290
2013-12-18,13.019687680425426,13.342299762178744,13.019687680425426,13.296212196350098,12150
2013-12-19,14.010566063556524,14.010566063556524,13.190211102920689,13.41143035888672,8130
2013-12-20,13.18560197733247,13.356124820526867,13.047339286017026,13.217862129211426,27480
2013-12-23,13.098036267156518,13.489779257786346,13.088818578189414,13.36534309387207,29890
2013-12-24,13.365342040448692,13.365342040448692,12.683248933493656,12.81229305267334,31370
2013-12-26,13.088818524384951,13.457518170128608,12.85838157543787,13.07038402557373,44550
2013-12-27,13.180993655582666,13.204036998858497,12.812294009839013,13.07038402557373,1053550
2013-12-30,13.180993625817262,13.660302021440277,13.015078741654929,13.535866737365724,20600
2013-12-31,13.374562614805331,13.692565016303575,13.227083087319656,13.27777862548828,72100
2014-01-01,13.10264478359456,13.411430323883938,13.088818250490078,13.134905815124512,15320
2014-01-02,13.60038811444166,13.60038811444166,13.019686928261844,13.074992179870604,9430
2014-01-03,13.10725333835086,13.319254900318915,13.019687055384978,13.111862182617188,15950
2014-01-06,13.397604202503576,13.678737564270724,13.088818652724855,13.522040367126465,29000
2014-01-07,13.595781022203536,13.821609143866327,13.388387400754404,13.641868591308594,253160
2014-01-08,13.82160795381129,14.010566179729988,13.581953318337316,13.84465217590332,33080
2014-01-09,14.194917918772308,14.277875373987102,13.830827939720784,14.181092262268066,8800
2014-01-10,14.010565810662827,14.102740938508488,13.646475901671533,13.82160758972168,1640
2014-01-13,13.6418683280637,14.135003286163167,13.29160404029042,13.637259483337402,12230
2014-01-14,13.826218184022212,13.946045513769413,13.826218184022212,13.923001289367676,42490
2014-01-15,13.835433432152543,14.181088825753006,13.826215744018556,13.826215744018556,15560
2014-01-16,13.678737424221591,14.471440211799214,13.678737424221591,14.296308517456056,17850
2014-01-17,14.462222079909164,14.471439768552052,13.68795469389709,14.047435760498049,8180
2014-01-20,14.047437265529124,14.047437265529124,13.586563332573071,13.641868591308594,23600
2014-01-21,13.826215744018556,13.9137820231972,13.664909717862248,13.826215744018556,4690
2014-01-22,14.010567386054529,14.010567386054529,13.641868591308594,13.641868591308594,10480
2014-01-23,13.64647736295386,14.148830017506212,13.64186851816334,13.83082675933838,10950
2014-01-24,13.651086032887678,13.651086032887678,13.365343812866298,13.56812858581543,17520
2014-01-27,13.710999040956654,13.710999040956654,13.098036766052246,13.098036766052246,6690
2014-01-28,13.2040376663208,13.3653437145472,13.2040376663208,13.2040376663208,550
2014-01-29,13.365341714450066,13.734040444609152,13.365341714450066,13.37455940246582,14980
2014-01-30,13.49438762664795,13.49438762664795,13.49438762664795,13.49438762664795,200
2014-01-31,13.36534273929974,13.36534273929974,13.08881823095307,13.273167610168455,1570
2014-02-03,14.010566335476788,14.010566335476788,13.015078785261805,13.157949447631836,14200
2014-02-04,13.356125376251962,13.356125376251962,12.955165576562417,13.088818550109863,8290
2014-02-05,13.09342846458171,13.346908778017289,13.015079860221158,13.038124084472656,4500
2014-02-06,12.95977412437028,13.185602224127107,12.95977412437028,13.134905815124512,960390
2014-02-07,12.904468459870149,13.300820272432675,12.904468459870149,13.074992179870604,26390
2014-02-10,12.992035364540286,13.1809935914335,12.992035364540286,13.00125217437744,1000
2014-02-11,13.457518196578164,13.457518196578164,12.97360007540987,13.088818550109863,3550
2014-02-12,13.268560918121358,13.273168883877648,12.535771296254538,12.724729537963867,152530
2014-02-13,13.088817556010198,14.932313890243195,12.309940480060972,14.74335479736328,1146890
2014-02-14,14.840140078769895,14.840140078769895,12.323768102713654,14.42074489593506,183460
2014-02-17,14.900054422877124,14.900054422877124,13.830826208348132,14.563615798950195,2078840
2014-02-18,14.204132353693158,14.743354809957529,13.918391050161654,14.605093002319336,21670
2014-02-19,14.411527159014918,15.070576981008886,14.125784952349688,14.955358505249023,1113810
2014-02-20,14.747965494791666,15.337883551993096,14.747965494791666,15.208839416503906,133960
2014-02-21,15.208838732638494,15.301013864455186,14.420744783889884,14.471440315246582,123210
2014-02-24,14.471440995291838,14.74796552468921,13.94143616005777,14.72492218017578,18110
2014-02-25,14.517527931826429,14.752572848589692,14.517527931826429,14.609703063964844,1373170
2014-02-26,14.250222234633457,15.042925093567478,14.250222234633457,14.545181274414062,31520
2014-02-28,14.19952316258484,14.655788171498113,14.17187097754234,14.44378662109375,159020
2014-03-03,14.153436830041732,14.711094697595671,14.061262578883367,14.397700309753418,231890
2014-03-04,15.06135911730522,15.065967082720633,14.194915697373048,14.296308517456056,28400
2014-03-05,14.194914702083166,14.628136381673505,13.826215961398072,14.019783020019531,9940
2014-03-06,14.093524131712169,14.093524131712169,13.82621729909162,13.83543586730957,8040
2014-03-07,14.416135876755632,14.646572826248898,13.840043503022471,14.503702163696287,57860
2014-03-10,13.918390024410364,17.328855313218032,13.669517734146332,17.015460968017578,740780
2014-03-11,17.32425024862167,17.97408238769933,16.499285532474346,16.927898406982422,236670
2014-03-12,16.86798549525012,17.32425146926263,16.683636974167097,16.914073944091797,112460
2014-03-13,16.35180555533806,17.236684346416194,16.35180555533806,16.64215660095215,78170
2014-03-14,15.960062566397836,17.052333143022324,15.946235154831813,16.591459274291992,1377340
2014-03-18,16.586851972888518,17.001637416486872,16.34719734058766,16.568416595458984,37840
2014-03-19,16.402499145671047,17.503987282192234,16.310324031055057,17.41642189025879,68620
2014-03-20,17.2827699103905,18.07086379636168,16.67902451527359,16.900243759155273,103550
2014-03-21,16.96477053674966,18.020170533925235,16.43015683123945,16.74355125427246,37070
2014-03-24,16.68363916254396,17.596169472170143,16.68363916254396,17.476341247558594,44250
2014-03-25,17.42103215437433,17.697557534722872,17.06615905902167,17.457902908325195,91620
2014-03-26,16.683636499655197,17.522426905676866,16.683636499655197,17.28738021850586,43930
2014-03-27,16.960160321707015,17.42103425304739,16.88181259726452,17.116857528686523,4100
2014-03-28,16.923288658319247,17.854254064099184,16.923288658319247,17.033897399902344,17950
2014-03-31,17.932603610873965,18.379651862252715,17.421033293954867,18.033994674682617,100900
2014-04-01,18.43034753407469,18.52713062850384,17.605382853534433,18.190692901611328,39250
2014-04-02,17.697559482679353,18.94191767788323,17.697559482679353,17.97869110107422,19880
2014-04-03,17.854255061840107,20.541148894679687,17.17676988893062,19.845230102539062,3893170
2014-04-04,19.17235443999137,21.061938573868247,18.96035285794642,20.3936710357666,992930
2014-04-07,20.39367159569728,20.734719080689743,19.94662331677197,20.26462745666504,65370
2014-04-09,20.73932615609664,20.73932615609664,19.72540319240192,19.90514373779297,322180
2014-04-10,19.633226305037805,20.273842465909865,18.444172625787903,19.250701904296875,29380
2014-04-11,19.08017987884212,19.80375175040952,18.941916304427448,19.541053771972656,90450
2014-04-15,19.36592030383225,19.812968522064388,18.54095565137508,19.352094650268555,118380
2014-04-16,18.98800489216331,19.63322729256789,18.457999207818126,19.338268280029297,60260
2014-04-17,19.64244541353118,19.854448746789163,18.56400040140622,19.587141036987305,44070
2014-04-21,19.17235341428636,19.905142980928968,19.17235341428636,19.68392372131348,50410
2014-04-22,19.264529011352632,21.06193795659014,19.17235387809273,19.6562728881836,41910
2014-04-23,19.27374708077758,20.278452361135965,19.17235425638167,19.697751998901367,79440
2014-04-24,19.697751998901367,19.697751998901367,19.697751998901367,19.697751998901367,0
2014-04-25,20.006537987711404,20.006537987711404,19.36131375806838,19.75766563415528,4890
2014-04-28,19.17235110073044,20.186273903520664,18.785217003595776,20.02035903930664,30400
2014-04-29,19.402793331216053,19.983495514879987,19.287574839325,19.771493911743164,22380
2014-04-30,19.95583847041897,19.95583847041897,18.619305285462403,19.04331016540528,15010
2014-05-02,18.895830154418945,19.34748637152885,18.71147988869904,18.895830154418945,13520
2014-05-05,19.58714101372696,19.58714101372696,18.895830154418945,18.895830154418945,12800
2014-05-06,19.817576591969967,19.817576591969967,18.43495496927439,18.803653717041016,41800
2014-05-07,19.352094752557285,19.352094752557285,18.803653717041016,18.803653717041016,5560
2014-05-08,18.347393706968937,19.2553142486132,18.347393706968937,18.70687484741211,13860
2014-05-09,18.983392589571803,18.988002312444536,18.513301067919866,18.7391300201416,21100
2014-05-12,18.43956442027248,21.31541840077041,18.43956442027248,20.799240112304688,187020
2014-05-13,20.27845442030165,21.384552637374146,20.27845442030165,20.73932838439941,183100
2014-05-14,21.154114179052204,21.154114179052204,19.817579073203024,20.158626556396484,35000
2014-05-15,19.955842367138818,21.10802728161675,18.619308921201213,19.112443923950195,77240
2014-05-16,18.92348714994269,19.33827269677421,17.93260734267137,18.61931037902832,19520
2014-05-19,20.232366406853235,20.232366406853235,18.54556787865236,19.711578369140625,21270
2014-05-20,20.91906585121851,20.91906585121851,19.167745398617257,19.64705467224121,22430
2014-05-21,19.40278978344857,20.564192180321307,19.40278978344857,20.2600154876709,30800
2014-05-22,20.44897715011348,21.707162852229736,20.232367584024,21.532032012939453,1896860
2014-05-23,23.043695419870748,23.043695419870748,21.868467305076223,22.00672912597656,633970
2014-05-26,23.0252600154856,23.68891956800584,21.20019976224379,21.83159828186035,2437670
2014-05-27,21.831597207551315,23.320219765640804,21.66107434856313,23.020652770996094,442760
2014-05-28,23.891701565183947,24.601447749126667,22.85934331962233,24.4908390045166,419800
2014-05-29,24.42171205429373,24.97936912715544,23.9654460577103,24.26962280273437,291750
2014-05-30,24.41709883454186,25.352672282189324,22.813257885105752,23.5875244140625,246980
2014-06-02,25.808942108436195,25.808942108436195,23.70274822344889,24.27423095703125,144040
2014-06-03,24.42170886512655,25.81354650344461,24.24657628992381,25.21441078186035,265390
2014-06-04,25.71215936955002,25.76746375403047,24.707453967999346,24.86875915527344,129030
2014-06-05,24.88257985831707,25.412583729325867,24.062223212343195,25.228235244750977,1182400
2014-06-06,24.8871931061982,25.76285430761708,24.702842824395933,24.84110641479492,521750
2014-06-09,24.84110562661504,25.59693859345236,24.42631838476796,25.44945907592773,81960
2014-06-10,26.07163589478437,26.24215874232897,25.34806402596351,25.961027145385746,317570
2014-06-11,26.28363684455072,26.643119666875307,25.458673934537543,26.020938873291016,108480
2014-06-12,26.269810949053085,26.269810949053085,24.979364447034254,25.808937072753903,173080
2014-06-13,25.80893955548265,25.93798369066983,24.896409403599428,25.509370803833008,53140
2014-06-16,26.26981419649991,26.26981419649991,24.79501725841084,25.34806632995605,44020
2014-06-17,24.87797163165825,26.0578093878981,24.799623916572664,25.808937072753903,49500
2014-06-18,25.80893680841113,25.993287060280352,24.89179703040788,25.113018035888672,99970
2014-06-19,25.288146522095,25.76284776179059,24.94710087293667,25.071537017822266,13670
2014-06-20,25.22362971549561,25.29736947320463,24.887191961067344,24.89179992675781,41500
2014-06-23,25.025452364721,26.177637112250466,24.426316647624564,25.20980262756348,6947710
2014-06-24,25.66146232813401,26.72608181257635,25.01163011246004,26.103900909423828,580040
2014-06-25,25.993291803898547,27.19156338544293,25.44946039554212,26.68460273742676,302020
2014-06-26,27.00260207431232,27.65243420787357,26.389638938819136,26.59703254699707,213110
2014-06-27,26.26981174501184,28.1133073060653,26.26981174501184,27.5141716003418,326210
2014-06-30,27.59712910963234,29.58349621450435,27.19155959292901,28.551137924194336,355850
2014-07-01,28.60183406621646,29.952192937966817,28.60183406621646,29.09957695007324,157350
2014-07-02,30.69420228569175,30.69420228569175,29.127232016789268,29.3761043548584,131760
2014-07-03,29.81854068050867,29.81854068050867,29.01662105868372,29.265493392944336,56450
2014-07-04,29.49592942920221,30.002890013028864,28.6018347012935,28.73087882995605,73660
2014-07-07,29.818541588893247,29.818541588893247,28.0211343333645,28.4174861907959,69290
2014-07-08,27.84139378968761,28.929056535965795,27.56026041362992,27.72617530822754,68370
2014-07-09,27.19616913013046,28.02113386536933,26.84129776036082,27.440433502197266,37850
2014-07-10,26.45876874610578,29.39914452227429,25.99789487715561,27.767650604248047,150720
2014-07-11,27.657042025432293,28.389831598345644,26.27903004597597,27.62939071655273,104090
2014-07-14,26.643121249308777,27.83217501751272,26.007114764123727,27.53260803222656,47180
2014-07-15,26.919644949641505,28.38983208617947,26.91503698411387,27.915132522583008,79570
2014-07-16,27.915133101415424,28.574182945482995,27.915133101415424,28.30687522888184,24850
2014-07-17,28.48200799165036,30.41767881320018,28.11330920613956,30.2425479888916,504940
2014-07-18,30.62046731209336,32.629878077659114,30.46376833581895,31.40395164489746,1692370
2014-07-21,32.16900003806612,32.44552367836638,30.887767626074616,31.26107788085937,543300
2014-07-22,31.247254875227643,31.69890937222922,30.141156704069388,31.104381561279297,93390
2014-07-23,31.0997686615629,31.662031799838044,30.33471638976801,30.87854766845703,135110
2014-07-24,31.330210016436983,31.5283859388116,30.41767812554745,30.74950790405273,163280
2014-07-25,29.12262042265617,30.878550573242592,29.12262042265617,30.65732955932617,29200
2014-07-28,29.03505948624521,30.786381941097613,28.83227557671566,30.532899856567383,19070
2014-07-30,30.59741926188496,30.78637925682096,30.417678714413093,30.62507057189941,9400
2014-07-31,29.233235189859016,30.878555073264497,29.219409533759773,30.426897048950195,25530
2014-08-01,29.053490897431374,30.50985058396473,29.03505551960325,30.18263053894043,85360
2014-08-04,29.505146116469515,31.33942582199779,29.495930185409684,30.61124420166016,47780
2014-08-05,31.66203271142304,32.24273475838016,29.8185372751553,29.96601676940918,1312620
2014-08-06,30.048976823742805,30.878551248843987,29.13644847232031,30.15036964416504,118630
2014-08-07,30.408459641716,32.7220449335572,29.86462833175018,31.874038696289062,3470070
2014-08-08,32.362564368110654,32.362564368110654,30.56054581221727,30.88315963745117,1364250
2014-08-11,30.509853324502632,31.528387822910105,29.975241384221047,31.02603340148925,50440
2014-08-12,30.89698620878588,31.468468851575302,30.560546719771484,30.933856964111328,219850
2014-08-13,31.76803906027453,31.76803906027453,30.929248676713165,31.307165145874023,243220
2014-08-14,30.84628995584517,31.431598255805643,30.37620012972004,31.24725151062012,268870
2014-08-18,31.33942710602509,32.69439757961314,31.035248625754704,31.87864875793457,127310
2014-08-19,32.44091249859791,32.69439454193859,31.52838417494888,31.86021041870117,323050
2014-08-20,32.16899810885944,32.16899810885944,31.34403344483561,31.60673141479492,220660
2014-08-21,32.26117542083279,32.26117542083279,31.477691138516768,32.021522521972656,259900
2014-08-22,31.87865016131008,32.20587024267356,30.786381154156143,30.970727920532227,282310
2014-08-25,31.98464722646059,31.98464722646059,30.84628820691998,31.044464111328125,271160
2014-08-26,31.34403523639858,31.82795072651557,29.966019729987742,30.500635147094727,65500
2014-08-27,31.062900906719232,31.132032693495884,30.095066440412303,30.27480697631836,10590
2014-08-28,30.247154741980093,30.5098527412754,29.68028177748502,29.70332336425781,4020
2014-09-01,29.956807627183167,29.993678388148208,29.03505970019292,29.25627899169922,54640
2014-09-02,28.57879200267292,30.141156122778813,28.57879200267292,29.95219612121582,41090
2014-09-03,29.680277494578576,30.4176749724922,29.611145711857933,29.9014949798584,13660
2014-09-04,29.60193038017057,29.95219199164285,29.03505396982716,29.04887962341309,18350
2014-09-05,28.57418373731208,29.717152633927743,28.57418373731208,29.288537979125977,40400
2014-09-08,29.68488602711677,31.754208605441733,29.058095558888645,30.809415817260746,106380
2014-09-09,30.413069109257776,31.79569087439449,30.23332856108512,30.41767883300781,73390
2014-09-10,30.694202360360705,30.694202360360705,29.606539628163297,29.93375968933105,25420
2014-09-11,29.998283974888725,30.394635856581576,29.68489306174381,30.108896255493164,20000
2014-09-12,30.136543494257925,30.417676849464744,29.141055958599217,29.55123519897461,65540
2014-09-15,30.27941476988288,30.293243940913698,29.127231741966742,29.44062614440918,17030
2014-09-16,29.35767029081923,30.048979441811024,28.0211351633478,28.744707107543945,44130
2014-09-17,28.889901885750657,29.87350677513801,28.388731554228126,29.381704330444336,39850
2014-09-18,29.6533688842087,30.21074477244221,29.03978567273516,29.330183029174805,62910
2014-09-19,31.03510261875812,31.03510261875812,29.367656129459046,29.45196533203125,10580
2014-09-22,28.57608824297025,29.967188379004625,28.57608824297025,28.964847564697266,7450
2014-09-23,28.96484286949305,29.578426049353485,28.47772348029432,28.777488708496094,8060
2014-09-24,28.88053706267661,29.508171252857867,28.852433399208707,28.99763298034668,8680
2014-09-25,29.526903087461463,29.592476506725724,27.00231572533746,27.80325126647949,88040
2014-09-26,27.845410788194,28.05618380649917,26.14986232700722,26.402788162231445,35890
2014-09-29,27.16625212676307,27.63463578412105,26.14517561078332,26.384052276611328,10880
2014-09-30,26.20138436365024,28.01403062644733,26.20138436365024,27.28803443908692,34250
2014-10-01,27.17093497455732,27.75173149151665,26.697868270319816,26.79622840881348,10580
2014-10-07,26.52924980302343,27.60653184688401,26.52924980302343,26.8758544921875,4690
2014-10-08,26.327847129945763,27.821992264075423,26.32316407915107,26.791547775268555,32650
2014-10-09,26.903956325616083,27.5784299279598,26.79622830007326,27.09131050109864,6910
2014-10-10,27.44728140180749,27.587797927360548,26.707236157806143,26.79622840881348,8330
2014-10-13,30.632292370500952,31.475380822442,26.90395704346089,29.47069931030273,525510
2014-10-14,29.97655321127872,29.97655321127872,27.915664463306584,28.83838081359864,76500
2014-10-15,28.83838081359864,28.83838081359864,28.83838081359864,28.83838081359864,0
2014-10-16,30.35126295888389,30.35126295888389,27.87351115241339,28.140491485595703,10190
2014-10-17,27.166250134831994,29.19903513018392,27.15219919789892,28.34189224243164,27650
2014-10-20,27.16625321833495,29.503488548630564,27.16157016773962,28.29037475585937,12350
2014-10-21,27.64868783304107,28.946110830463684,27.644004782445737,28.29037475585937,3540
2014-10-22,27.798570355475785,30.72596831990002,27.798570355475785,29.484752655029297,167560
2014-10-27,28.730650054490905,29.73767550775123,28.730650054490905,29.51284980773925,213260
2014-10-28,28.62292336472433,29.92971409611114,28.62292336472433,29.381704330444336,7400
2014-10-29,28.360629915519905,29.522221163979808,28.35594686514249,28.988264083862305,1870
2014-10-30,27.6393182163692,29.391073841876104,27.6393182163692,29.09130859375,5280
2014-10-31,28.7962279969696,29.65337097605697,28.7962279969696,29.133464813232425,6770
2014-11-03,28.76344239914627,30.903957511288173,28.71191990724626,29.72831344604492,502520
2014-11-05,30.098335092018985,30.49177565245193,29.41449358822669,29.84540748596192,711170
2014-11-07,29.789200628268915,30.07023011492089,29.22714165496497,29.74236297607422,346000
2014-11-10,29.99529514920264,32.68381681719365,29.97655937077778,32.51051712036133,1195700
2014-11-11,32.50583228238403,32.88053713042814,31.667424958664466,32.51051712036133,513560
2014-11-12,32.30442064977669,32.974209406773845,32.131117414230694,32.88990020751953,325880
2014-11-13,33.15688027994996,33.16156511720449,31.65336913478676,31.817302703857425,222680
2014-11-14,32.69317764494434,32.69317764494434,31.381702098021723,31.83603477478028,59630
2014-11-17,31.66273851793295,32.76343953691482,30.3653171956745,31.0023193359375,32880
2014-11-18,31.100675076724457,31.850088202076588,30.655708465105253,31.41917610168457,21580
2014-11-19,31.41918006896436,31.66742286306862,30.44494109624824,31.25992774963379,40300
2014-11-20,30.44493863800154,30.913322309355408,30.07023027152492,30.777490615844727,58640
2014-11-21,30.44493693526737,31.283344088918152,29.836038553910385,30.697864532470703,214660
2014-11-24,31.66741659407244,31.66741659407244,30.07022674670544,30.482406616210938,12110
2014-11-25,29.97655441889777,30.903955643565272,28.899272351817007,30.529247283935547,124990
2014-11-26,30.6322951744862,30.81027969681969,29.70021081072061,30.55735206604004,90350
2014-11-27,29.695527592516964,30.90863967241108,29.601850494229065,30.59950828552246,2820
2014-11-28,33.250554137935815,33.250554137935815,30.16390761595216,30.16859245300293,45030
2014-12-01,29.87350815192292,32.69317968139853,29.03978583988991,31.40512466430664,2361770
2014-12-02,31.50348694596364,33.1521959077932,30.725968331057967,32.046810150146484,375930
2014-12-03,32.04680688356971,33.72362112491689,31.66273245258638,33.02104568481445,429740
2014-12-04,33.56905208041415,33.69551765479312,32.59949816193638,33.62525939941406,49240
2014-12-05,34.192009726845555,34.192009726845555,32.90395456590274,33.910980224609375,257430
2014-12-08,34.66039575534985,34.66508059318967,34.01402749933954,34.59013748168945,160790
2014-12-09,34.5714034926768,34.66039754881716,33.91098426245854,34.0655517578125,32650
2014-12-10,33.49411492213644,34.19200554151805,33.48943008518549,33.522216796875,3560
2014-12-11,33.5409509826815,33.94844601450933,33.348911985106874,33.61589050292969,24460
2014-12-12,34.18731814527321,34.18731814527321,32.224793280802814,32.7259635925293,29560
2014-12-15,33.255235568493376,33.34891085901132,31.850084769824644,32.295047760009766,23820
2014-12-16,33.62526682746648,33.62526682746648,30.369997912647413,30.63698005676269,25960
2014-12-17,30.41215000285149,31.94376293909584,30.11238475799949,30.66039276123047,30410
2014-12-18,30.91332094989256,31.31144633833838,30.819645649134834,30.87116813659668,10910
2014-12-19,32.78217150983435,32.78217150983435,30.90863686143259,31.52690315246582,15820
2014-12-22,31.288026471415563,31.662731214056365,29.77046279398947,30.68381118774414,37760
2014-12-23,30.44493693834277,30.927371521146824,30.06554732924126,30.365312576293945,34150
2014-12-24,30.34658082713237,30.6322951744862,30.17327756896369,30.55735206604004,65110
2014-12-26,30.351262730366848,30.75407296561032,29.17093390084476,29.96250343322754,92220
2014-12-29,29.962510195407827,31.372346336943128,29.962510195407827,31.04447555541992,20260
2014-12-30,31.288028423283368,31.84540252209792,30.91332008378348,31.681468963623047,17830
2014-12-31,31.47538228213938,32.20606326255475,30.63229379109939,31.99997329711914,12670
2015-01-01,32.224798423895145,32.693182101140806,30.44962385831602,31.51753807067871,280290
2015-01-02,31.288033902924813,32.4121519713302,31.288033902924813,31.723630905151367,11110
2015-01-05,31.573742342905376,31.737675899380186,30.47303794910984,30.843061447143555,4140
2015-01-06,30.63229361809244,31.10536213904148,30.4449394299804,30.730653762817383,12850
2015-01-07,30.636979860571017,31.821990062511865,30.46367660325969,30.71660423278809,3970
2015-01-08,30.725971420930776,31.37234324374064,30.496464397932304,30.64634704589844,2580
2015-01-09,30.651024478094527,31.54095047529352,30.44493454687792,30.68381118774414,3520
2015-01-12,31.587796996576422,31.587796996576422,30.444939656717104,30.473041534423828,12880
2015-01-13,31.38170100806793,34.19200259087999,30.4777205226574,33.278656005859375,272900
2015-01-14,33.53626507873992,33.62994394292329,32.27631562345235,32.37467575073242,11920
2015-01-15,32.78685349881849,35.03509631098799,32.04680651935199,34.23884201049805,680740
2015-01-16,34.47772319988312,37.34891389091631,32.59950363002142,36.3840446472168,1212650
2015-01-19,36.89926373328288,37.377017062069456,35.88287206055673,36.29036712646485,211720
2015-01-20,35.78919508571275,37.37701531450222,35.12877244841054,36.69785690307617,157100
2015-01-21,37.26929461284577,37.27397945089228,35.5971647786813,35.86414337158203,33780
2015-01-22,35.79387793617106,36.90394848121355,35.4098034833119,36.09364318847656,29100
2015-01-23,35.61121470597879,36.82901169905668,34.964846439845,35.87350845336914,44950
2015-01-27,35.87818435862427,35.87818435862427,34.9414171243339,35.025726318359375,11820
2015-01-28,36.35125590914546,36.35125590914546,34.75875076049552,34.95547103881836,24960
2015-01-29,34.9601562636561,35.592473492982286,33.16156471592973,34.16858673095703,28230
2015-01-30,33.348916590468754,35.442592212068654,32.31847392374297,33.686153411865234,38340
2015-02-02,34.12175277491043,34.6603947595187,32.318476194686355,33.46601486206055,18500
2015-02-03,35.03509832917539,35.11940752882544,32.83369303763901,34.80558776855469,38760
2015-02-04,34.66507665411403,35.69083446845322,33.29739361252206,34.12174987792969,53460
2015-02-05,32.899267393544065,34.84774514126981,32.899267393544065,33.89692687988281,16390
2015-02-06,33.19434988089191,34.562029253194595,32.78685482729854,32.93205261230469,19920
2015-02-09,33.06319567281532,34.66038541887599,33.0163580288378,34.4215087890625,16950
2015-02-10,34.64634083551987,34.651025672821554,32.97421126720288,33.1053581237793,8010
2015-02-11,34.24353085382766,34.31378911995641,33.348916316988145,34.15922164916992,7460
2015-02-12,34.16390598647565,34.60418420570303,33.817299498242505,33.8500862121582,6560
2015-02-13,33.85476768029202,34.21074023415401,32.03744051049327,33.414485931396484,45200
2015-02-16,33.07725138801481,33.2552358710113,32.875846295434144,32.96015548706055,11800
2015-02-18,32.62760701358709,34.458985240308266,32.412147388341126,32.5713996887207,17720
2015-02-19,32.31847612533837,32.88053515029843,31.47538401441415,32.84306716918945,3510
2015-02-20,33.62994970163664,36.346572905443374,32.36062678234994,35.56437301635742,242110
2015-02-23,35.88755988434221,36.83369337292982,34.19200962732736,34.458988189697266,544080
2015-02-24,33.7704587898974,35.79387591547188,33.32549577366854,34.19668960571289,80570
2015-02-25,33.81730320683555,34.37468097801133,32.899271543035795,33.14751434326172,98460
2015-02-26,33.826666013278505,34.19200466949659,33.227135544255646,33.99996566772461,6490
2015-02-27,34.04212630563689,35.79388028371424,31.85477535837764,32.31378936767578,43290
2015-03-02,33.25523621741348,34.37935759298046,32.4121442923674,32.838375091552734,19850
2015-03-03,33.99060858374654,35.13814734148769,32.78686248956889,33.36297607421875,9388450
2015-03-04,34.81495979606823,35.56437296945825,33.259926121227494,33.686153411865234,674600
2015-03-05,33.72362287962217,34.6603901818339,33.72362287962217,34.06085968017578,117610
2015-03-09,34.285683894714715,34.285683894714715,33.25524122966785,33.451961517333984,85180
2015-03-10,33.12878318478723,37.83603758254825,33.12878318478723,37.04446792602539,2314680
2015-03-11,37.39575000555815,39.35359386334057,36.15921741890438,38.98357391357422,1748410
2015-03-12,38.95547104490501,39.10067242028459,37.75172509202219,37.93907928466797,233940
2015-03-13,38.29973303970575,38.3137875522353,35.391070732303206,36.33720779418945,310290
2015-03-16,35.79856821701015,37.37702265549402,35.503487756942626,36.46835708618164,83440
2015-03-17,37.09598622953787,37.46132850366292,34.81027514508822,35.405120849609375,85540
2015-03-18,35.60185013701515,35.87350999844804,34.66039779103438,34.84306716918945,49650
2015-03-19,35.03509724424379,36.224788529654745,34.21542588493913,34.54329299926758,72820
2015-03-20,34.6603932480382,35.40512160390617,33.358287154531496,34.10770034790039,225520
2015-03-23,34.00934000336273,34.18732451903829,32.78685828706626,33.17093276977539,277950
2015-03-24,33.34891703977037,33.34891703977037,32.786858045526344,33.01636505126953,232710
2015-03-25,33.16156035270764,33.643994889580455,32.786852042824904,32.92268371582031,68160
2015-03-26,32.786854440330416,33.25523807519228,32.786854440330416,32.936737060546875,105340
2015-03-27,32.88521835852521,33.058521609818015,32.78685821270517,32.81964492797852,90290
2015-03-30,32.97421434696865,35.58779634193548,32.97421434696865,34.83369827270508,39680
2015-03-31,36.252898817504224,37.84540410002461,32.791543586848746,37.5081672668457,618590
2015-04-01,38.54797726380122,40.655703767505166,38.54797726380122,40.15453338623047,881130
2015-04-06,40.29973066632193,42.15452953713795,39.39106521945104,41.25523376464844,1010870
2015-04-07,41.592473532929255,42.622916232226856,41.077248609796456,41.96717834472656,477990
2015-04-08,41.779825887361696,42.23884349972186,41.23650263696991,41.5971565246582,191960
2015-04-09,41.967170513524565,41.967170513524565,39.962489245362406,40.44023895263672,134940
2015-04-10,40.65570444138645,41.33954417843832,40.10301156164812,40.421512603759766,114240
2015-04-13,40.168585594675726,40.65570505308643,39.81261299555177,40.45429992675781,84620
2015-04-15,40.58076135351856,43.09129813971086,40.58076135351856,42.2201042175293,568770
2015-04-16,42.52923963247969,43.081932518586896,41.40511808422116,42.566707611083984,228230
2015-04-17,42.62291598597942,43.00699047060603,41.26928740153417,41.8126106262207,64860
2015-04-20,41.77982349643771,43.8407124361755,40.40277788512939,41.70019912719727,235060
2015-04-21,42.1545278719475,42.52455137875263,40.74937694288258,41.2318115234375,57770
2015-04-22,41.864130443538855,42.14516349966302,40.18263481141035,40.70722579956055,80410
2015-04-23,41.217764321635975,42.341885881468286,40.655705328461785,40.88052749633789,31230
2015-04-24,40.56202538790815,41.217763245141256,38.969520184194565,39.718936920166016,56870
2015-04-27,39.90628459235672,41.21307537329544,37.93907473898782,40.06085205078125,153640
2015-04-28,39.80792984048274,40.599499440538274,38.098328613139,38.988258361816406,96030
2015-04-29,39.34422437124675,40.2809916181812,38.88520684791616,39.76108551025391,80860
2015-04-30,39.43790876113358,41.40512257743572,38.87584971275256,40.800907135009766,131830
2015-05-04,41.63462608546472,42.24820757831457,39.46132604101344,41.69551467895508,143160
2015-05-05,41.77046199868455,42.61355415851494,41.14282593003651,41.41917419433594,614580
2015-05-06,41.40511820737671,41.59247239489105,40.374671962789805,40.49176788330078,202350
2015-05-07,39.531583314520624,40.73064439204309,38.89458122371584,39.63462829589844,108450
2015-05-08,40.26225840141596,42.04679897664468,39.88286878582778,40.90862655639648,177840
2015-05-11,40.07958333336203,41.217755590914095,38.87583765961216,40.30440902709961,1327190
2015-05-12,39.9109748267011,40.84305739329472,38.78685322697617,38.988258361816406,118300
2015-05-13,39.29739229067873,39.83134941119595,38.40746256532204,38.84305953979492,141430
2015-05-14,39.43790274269977,40.20137039553117,38.875843780091934,40.0046501159668,44730
2015-05-15,40.00465414398816,40.4683530135031,39.709570121446205,40.19668960571289,87350
2015-05-18,40.80090033512523,41.03040732472464,39.70956556502508,40.24352264404297,171120
2015-05-19,39.555001076027416,42.6322817674352,39.53158403568592,42.168582916259766,411380
2015-05-20,42.16858063543415,42.922678619231085,42.16858063543415,42.6229133605957,197710
2015-05-21,42.30909259361807,42.622908756496926,41.68614153107941,42.12173843383789,282980
2015-05-22,42.09831892449717,42.62759470772569,41.77981791658846,41.83602523803711,104690
2015-05-25,41.97186151939666,42.14984602993764,41.21776351467001,41.672096252441406,66950
2015-05-26,41.5362589054934,41.86881084159887,41.21775790600764,41.61119842529297,42630
2015-05-27,40.37466477042728,41.50347095833924,40.37466477042728,40.99761581420898,23500
2015-05-28,40.85710888002696,41.686146399000044,40.83837310451272,40.93673324584961,20000
2015-05-29,41.470692904609024,41.470692904609024,40.280997887034346,40.51987457275391,83870
2015-06-01,40.48708092370224,40.48708092370224,39.812607372928525,40.27630615234375,65570
2015-06-02,40.384040963204605,40.42619377861237,38.87584496045137,39.32549285888672,48870
2015-06-03,38.87584632772912,39.23181893323324,37.97655049922985,38.33251953125,104660
2015-06-04,38.77748437317988,38.77748437317988,36.90394969776682,37.56905364990234,95700
2015-06-05,38.40277774553246,38.40277774553246,36.72128201357305,37.08193588256836,41890
2015-06-08,35.59715829199759,38.40746026241845,35.59715829199759,36.24352645874024,57060
2015-06-09,36.53860688562671,37.8453976031166,36.262258693968604,36.90863037109375,24240
2015-06-10,37.27865135029884,38.91331278988421,37.00230672421287,37.71893310546875,69490
2015-06-11,38.44025129092393,39.32549622510127,36.06554600228432,36.51519393920898,62790
2015-06-12,37.18029457221968,37.18029457221968,35.779828394445005,36.07959365844727,21900
2015-06-15,36.89926285394226,39.34422604415803,36.01870289083663,38.72595977783203,201100
2015-06-16,38.41214534614675,39.82197760411479,35.70020349846688,38.59012985229492,178850
2015-06-17,38.131119441009616,38.91800064109058,37.517534352635856,38.51519393920898,96920
2015-06-18,38.88052895125703,38.88052895125703,36.33720551266413,36.79153823852539,155460
2015-06-19,37.273974809943695,37.85945442090605,36.34657353384638,36.61355209350586,65780
2015-06-22,37.12876892089844,37.46600570755584,36.768115096740864,37.12876892089844,31790
2015-06-23,37.13814454099343,37.48006264580637,36.52456302860029,36.59950256347656,39390
2015-06-24,37.091302815220914,37.10535375312574,36.44961592085875,36.524559020996094,29790
2015-06-25,36.33720445118534,36.60886782601991,35.59715742600856,35.901607513427734,47840
2015-06-26,35.69552495750474,36.53393229409767,35.59716479937722,36.09833526611328,35610
2015-06-29,34.66507165006152,35.789193018166735,34.66038681343032,35.34891128540039,29770
2015-06-30,35.35359821897256,36.72127757077196,34.98825598321911,35.60184097290039,54150
2015-07-01,35.22244456643884,37.38169320392369,35.22244456643884,36.889892578125,70430
2015-07-02,37.47069009008407,37.47069009008407,36.06553921170591,36.35125350952149,25910
2015-07-03,36.98825677035832,36.98825677035832,36.06554042411388,36.41682815551758,34390
2015-07-06,36.30909688644164,37.470689843936384,36.30909688644164,37.37232971191406,65410
2015-07-07,36.908639225561416,38.87584945535431,36.908639225561416,37.09130859375,58900
2015-07-08,36.53861122903538,37.28333955174868,35.878188536681634,36.07959365844727,36080
2015-07-09,35.92502934612343,36.80090817560532,35.62994889348286,35.812618255615234,21730
2015-07-10,36.4402491560566,37.13345495227673,36.00933348508654,36.41214370727539,13190
2015-07-13,36.79153438028909,37.0912996079505,36.44492793235033,36.6744384765625,8360
2015-07-14,37.353594530212966,41.6861431120872,36.91331277405373,41.51752471923828,1232480
2015-07-15,41.24586103355029,41.9624874108153,40.285676742675776,40.58075714111328,159800
2015-07-16,40.99292944400809,42.341876444554906,40.45897244745269,41.601829528808594,83020
2015-07-17,42.42619456340236,44.60886065251765,40.75874623375869,42.96015167236328,275720
2015-07-20,43.30675610892615,44.68380531885859,42.679123671477534,43.56904983520508,512550
2015-07-21,44.07490210114942,44.309093933327134,41.77045533015679,42.19200134277344,166920
2015-07-22,42.23884092377015,43.091299088893685,42.23415608633716,42.75874710083008,64320
2015-07-23,42.76343612871528,43.648681095648335,42.41214832998043,42.63697052001953,65640
2015-07-24,42.62759963899708,42.974202560984295,41.76109054728708,41.98122787475586,75620
2015-07-27,42.032744089729576,42.988247081331416,41.812603221644586,42.3980827331543,52100
2015-07-28,42.16858442232196,44.402776698067726,41.96717928607533,43.87350082397461,362320
2015-07-29,44.44960969326646,44.45429453040445,41.20839564962012,41.84539413452149,184480
2015-07-30,42.332521272027954,42.66039203518183,41.227135356164496,41.72830581665039,68650
2015-07-31,42.562026090971486,42.562026090971486,41.22712975036559,41.358280181884766,44240
2015-08-03,44.47771279080962,44.47771279080962,40.004650894804655,41.52221298217773,41430
2015-08-04,41.68614192479093,42.06085024789028,41.49878776324126,41.56904602050781,82030
2015-08-05,41.74235065837054,41.8734975038499,41.498789168065855,41.55499649047852,49790
2015-08-06,42.10300810839855,44.38403788389634,41.044460006131374,42.29972839355469,92220
2015-08-07,42.43087772626664,42.5245566104863,41.23650143370926,41.53158187866211,43520
2015-08-10,41.33954914090741,41.95313068562986,40.59481714964406,40.800907135009766,66050
2015-08-11,41.61588783409831,42.62291342645302,40.871159523567655,41.29270553588867,61460
2015-08-12,41.58778157863229,41.58778157863229,38.96014921424863,39.37701034545898,61050
2015-08-13,40.40812105098601,41.69582060266179,39.81891616807527,40.24181365966797,80780
2015-08-14,41.00683903001071,42.71743639636343,40.5554290251981,41.09236907958984,166090
2015-08-17,40.873786644212814,42.47985039482808,40.50315766337227,41.90964889526367,121880
2015-08-18,42.57012942675612,44.28547934856808,42.19475139559619,42.47509765625,566030
2015-08-19,42.88374575416764,43.24012037262332,41.90965368029673,42.53687286376953,24770
2015-08-20,41.93816135910145,42.475097751602746,41.33469837682093,41.81461715698242,118680
2015-08-21,41.36321246848709,41.81461883536788,40.27508161149369,41.17314529418945,77210
2015-08-24,40.465148449445095,40.465148449445095,36.40247668036759,38.85433197021485,243180
2015-08-25,39.624096045465016,41.27292279511588,38.01328344931848,39.90919494628906,188420
2015-08-26,39.24872192781629,41.41548196315485,38.5644851602835,38.678524017333984,27150
2015-08-27,40.57443145254425,43.05004630477226,40.12302512472957,42.68891906738281,123350
2015-08-28,41.81461354785353,42.68891736374401,40.37486095686755,40.73123550415039,65960
2015-08-31,40.52691783657881,41.61979771119556,40.52691783657881,41.01633834838867,366870
2015-09-01,40.10402326537108,41.19690322107134,39.10142241184455,40.76925659179688,39700
2015-09-02,40.76449723366011,44.50880452833537,40.76449723366011,43.943359375,369130
2015-09-03,44.19044458828645,48.18184030840337,41.9096459981541,47.20774841308594,1170160
2015-09-04,47.036688774146505,47.47384431855288,44.66561107370251,45.606441497802734,138160
2015-09-07,45.13602429864369,46.40946952040555,44.66561090102691,45.55892181396485,51590
2015-09-08,44.85568556257679,44.85568556257679,43.24011991753497,44.423282623291016,46920
2015-09-09,44.47554653009578,46.18614377640146,44.190447593249786,45.63970565795898,47300
2015-09-10,46.561519196741294,47.03193618602344,43.6630070807624,45.23580551147461,23420
2015-09-11,45.430634661239054,45.430634661239054,43.79131293822454,44.21421051025391,28820
2015-09-14,44.252217000772426,44.37576120019752,43.28763041060745,43.73904037475586,37740
2015-09-15,43.71527848748084,44.57057886450158,43.52521133422852,43.52521133422852,23550
2015-09-16,44.755896028218736,45.8487758808624,43.050047847562205,45.11701965332031,97980
2015-09-18,45.35935678377871,49.61684472797285,45.35935678377871,48.06305313110352,167880
2015-09-21,47.51185465746861,48.79955428117258,46.756342340979806,47.68291473388672,61170
2015-09-22,48.04404359510908,48.39091281028481,45.3023332288083,47.088958740234375,23810
2015-09-23,46.65655972559471,48.08680705210544,46.12912507354631,47.51660919189453,26420
2015-09-24,46.85137731910857,47.8919922511567,46.18139499487448,47.44058227539063,40150
2015-09-28,47.88723861930373,48.56197360619508,46.75634461485642,47.47384643554688,84810
2015-09-29,46.37145566256465,47.7114274784294,45.86302810575128,47.4500846862793,71940
2015-09-30,46.818114887082295,47.99177572494694,46.01508302428446,47.5213623046875,41710
2015-10-01,47.06045064952523,48.18184292769197,46.7183304798839,47.0034294128418,39100
2015-10-05,47.22675863903702,47.90149363455448,46.946412378662885,47.15073394775391,40340
2015-10-06,47.416827810170616,49.8829411465844,46.56628001567309,49.35075378417969,208620
2015-10-07,49.887689521866335,50.74774265729445,49.50755880406635,49.81641387939453,152000
2015-10-08,49.968471175380266,50.358107250767816,48.27212463806651,49.39826965332031,116420
2015-10-09,49.61683930877507,53.01903005176223,49.42677215898746,51.11361312866211,465040
2015-10-12,52.68641587402141,53.0998116861912,51.57452893989729,51.9213981628418,348390
2015-10-13,52.00692743685439,52.28252464089239,49.89243977276705,51.57928085327149,123730
2015-10-14,51.075606764474976,52.54387200468594,50.93780815049059,51.63630294799805,115510
2015-10-15,51.46524143337989,52.258771611055394,51.412972870023125,51.75984573364258,83250
2015-10-16,52.07820729148998,52.07820729148998,51.31794220607558,51.77410125732422,55170
2015-10-19,51.60304022281566,52.55337246863263,51.4129730486063,52.282527923583984,133440
2015-10-20,52.268269974781575,53.04754207347813,50.168036724031815,51.19914627075195,130410
2015-10-21,51.7836062374515,53.40867352556148,51.08035877273503,52.90499496459961,131530
2015-10-23,53.59873588563048,53.59873588563048,50.4721421735023,51.42722702026367,130840
2015-10-26,52.263517165672994,52.55336877026768,50.65270441239016,51.00907897949219,116980
2015-10-27,50.93304893917475,51.4082149787223,49.227200972079885,50.28207015991211,73070
2015-10-28,49.987469306969615,51.20864596657686,49.54081566460055,50.13477325439453,63170
2015-10-29,50.84277713037155,51.12787609016877,48.94211256475019,49.46954727172852,62100
2015-10-30,49.8876882954396,50.3200911906366,47.99177655358505,48.61899566650391,68110
2015-11-02,48.57148026963704,49.41252268794423,47.61164269878259,48.10581588745117,59380
2015-11-03,48.32913788156525,49.13216965568876,47.58788001328461,48.4004135131836,54660
2015-11-04,48.40042014851407,50.62895035960216,48.048798242949225,49.47429656982422,76930
2015-11-05,50.367606803324776,50.367606803324776,48.352903546256094,48.66176223754883,25070
2015-11-06,48.466943849575465,49.98747397123494,48.466943849575465,49.81641387939453,40060
2015-11-09,47.04619746653591,51.83112003909383,47.04144479038165,50.37236022949219,55160
2015-11-10,50.84277511915327,50.84277511915327,49.04189507943793,49.35075378417969,26150
2015-11-13,51.65530738177442,51.65530738177442,49.51230721066395,50.60994338989258,27140
2015-11-16,49.56932834521923,51.79310588031919,49.56932834521923,50.37236022949219,51190
2015-11-17,50.27732151477726,51.412968150313134,49.70237099586312,50.852272033691406,126940
2015-11-18,50.22980872458108,51.69807387999842,49.98747299500158,50.8427734375,27190
2015-11-19,51.503253969650416,52.79570635876826,50.27732454539338,51.40822219848633,32100
2015-11-20,52.16848792003082,52.16848792003082,50.937805803686665,51.465240478515625,24180
2015-11-23,51.123123713767946,51.6885725854329,50.3676112846092,51.31794357299805,12340
2015-11-24,50.93780184931836,53.12356869705124,50.93780184931836,52.35855102539063,66670
2015-11-26,52.65315017315721,53.670005255877,51.79310076096142,53.332637786865234,63870
2015-11-27,53.64624928182327,55.489892302695495,52.60563444292488,53.475189208984375,398320
2015-11-30,53.78879835028058,55.651452123277046,53.78879835028058,55.38060760498047,331760
2015-12-01,55.58967961587841,57.8182097285044,54.65360184255202,56.76809310913086,493510
2015-12-02,57.019934033632886,58.43593065723587,55.38061238025785,57.04844284057617,353550
2015-12-03,57.48084470342066,57.78019804657911,56.069600781675625,56.42122268676758,67560
2015-12-04,56.739584303926456,57.97026273164379,55.59443229182233,56.76809310913086,160120
2015-12-07,56.929652071032336,57.114966569096175,55.78450359902836,56.017333984375,89340
2015-12-08,56.64454867690502,56.915393200915226,55.603933788493904,56.29292678833008,45100
2015-12-09,56.668310675732855,57.30503151607956,53.20434933657756,55.42337417602539,1351860
2015-12-10,57.01992896225499,58.63549434123144,55.35684770085589,57.31453323364258,1925770
2015-12-11,57.58062736066609,60.34609388008275,57.58062736066609,58.24110794067383,2582430
2015-12-14,59.19619265214913,65.56341538914687,58.54046112459097,64.80315399169922,3259490
2015-12-15,64.80315188478748,67.41180900655475,63.76728606695449,65.62993621826172,2151490
2015-12-16,65.80099839059942,71.08485026399725,65.38285715994805,69.8114013671875,2839240
2015-12-17,70.09174678264253,74.46802962783579,69.27921683529539,72.6338882446289,3923850
2015-12-18,72.86196466194279,73.5937244823352,69.94444523297976,72.47708129882812,1572000
2015-12-21,72.41531766379765,73.36090090337481,70.79975566950962,72.55786895751953,537440
2015-12-22,72.22525155197319,76.00757712608143,71.56002187207312,75.64644622802734,1794500
2015-12-23,76.02657624621071,76.96740309712897,74.58682353858484,75.26155853271484,1093770
2015-12-24,75.2568170111327,75.67495829200857,73.66025846021196,73.88833618164062,284900
2015-12-28,73.28011028978074,74.03087353398567,70.41485953049856,72.72416687011719,231960
2015-12-29,72.66239808746653,74.85766311746183,71.27491396565685,72.3155288696289,376050
2015-12-30,72.03043015780356,73.62223955484082,71.46498131675821,71.8451156616211,272970
2015-12-31,72.03517769613862,72.51034375679797,70.99931191366275,71.2654037475586,134830
2016-01-01,70.43862255014218,72.4913362525202,68.77078496334734,71.20838928222656,1058190
2016-01-04,71.52198971757045,73.09478804756783,70.33407469485847,71.59326171875,401770
2016-01-05,71.61229717214736,79.82791711874941,71.61229717214736,75.02398681640625,2876320
2016-01-06,74.57257013463163,76.40671160116202,73.36564416029651,74.14016723632812,1145380
2016-01-07,73.64124045491252,73.64124045491252,70.89478096549813,71.43647003173828,456230
2016-01-08,72.81921250529716,77.19549593806916,71.75008866753586,73.65550231933594,369310
2016-01-11,72.22523280931232,74.60581188582285,71.9591410064039,73.61271667480469,185630
2016-01-12,74.88617953013605,78.26935980900724,73.93584733940061,75.38985443115234,1324990
2016-01-13,76.11685899498787,77.35704281050175,68.4239186480284,73.2753677368164,1094180
2016-01-14,72.22524612551895,74.10690704372793,69.46928133642704,73.40365600585938,401630
2016-01-15,74.12592229032218,74.72462905250137,68.89909443651742,69.71163177490234,693870
2016-01-18,69.65934513718578,70.36258885406127,64.34223593050905,66.47097778320312,567840
2016-01-19,64.62260030887987,68.5664810425286,64.19495364819647,65.37811279296875,209010
2016-01-20,65.08825001775868,66.95090025025664,62.01868108758404,65.2878189086914,375920
2016-01-21,66.9984202573862,68.23385502047208,63.38715498871925,65.1500244140625,188030
2016-01-22,66.42823493901558,67.85373351173926,64.25197291460216,66.2524185180664,238300
2016-01-25,67.23600830094594,69.18419236037991,66.05284201113831,66.96041107177734,926930
2016-01-27,66.78933986564864,68.22909243948173,65.12625866480894,65.6441879272461,422950
2016-01-28,65.19278041550152,66.03857540194265,64.63208795839361,65.20228576660156,41130
2016-01-29,64.77939890177133,65.37810561105103,64.05714435929605,64.53231048583984,140950
2016-02-01,66.4282240310366,66.4282240310366,63.6722591262274,64.6511001586914,60760
2016-02-02,65.09301173205972,65.67271499936355,63.67226237195284,65.1642837524414,98620
2016-02-03,64.62259711483246,64.90769970817018,61.86663196425493,62.49860382080078,150540
2016-02-04,63.62472964210859,64.04287807605075,62.56511140659607,63.391902923583984,111430
2016-02-05,62.721927678838256,65.28782182006145,62.721927678838256,64.85066986083984,73340
2016-02-08,65.09775965192071,67.94875642499754,64.96471371588058,66.47573852539062,216300
2016-02-09,65.57292379414942,66.14312168139794,63.2065985743153,63.70552444458008,311140
2016-02-10,64.24245025026684,64.33748201274959,60.82125604767677,62.06618881225586,130350
2016-02-11,62.06619905986256,62.973768129905714,57.97026924177912,58.59748840332031,229320
2016-02-12,56.06960085756088,63.67225860095896,54.80565726761069,62.56512069702149,303620
2016-02-15,65.46838441556693,65.46838441556693,61.67180468161822,64.10466003417969,282180
2016-02-16,63.86231853336537,63.86231853336537,60.921046575583766,61.3867073059082,47090
2016-02-17,61.353436089374114,63.14006502040316,56.6778040473459,62.96424865722656,132890
2016-02-18,63.7672911222956,64.52280350431718,61.781100243704095,62.43207550048828,78330
2016-02-19,59.975463496164906,62.56036814430472,59.975463496164906,61.90938568115234,16090
2016-02-22,63.19709168919568,63.19709168919568,60.82601022542816,60.9970703125,287030
2016-02-23,60.82125785061058,61.77159000452637,59.39575961973689,60.38885498046875,46700
2016-02-24,60.34609560642743,60.43162565072132,56.25966781009324,56.654056549072266,268620
2016-02-25,57.40005971680446,57.87522576205871,55.1192612494924,56.04583358764648,156690
2016-02-26,57.32403872048505,57.32403872048505,52.74343775004874,53.769798278808594,402280
2016-02-29,54.16893693551449,57.11496538893303,53.21860470857564,53.45143508911133,535300
2016-03-01,54.6298469289385,57.2860236796551,53.21860303624421,56.92490005493164,267510
2016-03-02,55.59443700980591,60.25106651712946,55.59443700980591,59.5240592956543,337530
2016-03-03,60.15601958656616,64.52754930409569,60.15601958656616,62.58887100219727,1397740
2016-03-04,62.24676293451921,63.52971003345934,61.77159680524807,62.12322235107422,75030
2016-03-08,62.05668931718013,64.13791169549347,62.05668931718013,63.27311325073242,1407000
2016-03-09,63.40616931370396,63.6722611854502,61.39146231976004,61.98067092895508,186550
2016-03-10,61.866619630653,63.957354647251385,61.866619630653,62.81695175170898,142850
2016-03-11,62.95000669998374,63.89084085513979,62.15173108398921,62.31328582763672,44030
2016-03-14,63.434678355110975,63.662756067382645,62.14697495260644,62.36080551147461,184820
2016-03-15,62.57937230432966,62.7266726314534,61.847619719423015,62.7171745300293,69230
2016-03-16,62.626889519389046,62.626889519389046,61.1063595444296,61.22515106201172,70710
2016-03-17,61.866629594234254,62.81696186834065,61.48649523449973,62.70292663574219,120990
2016-03-18,63.624735121848566,63.624735121848566,61.56251607767478,61.7620849609375,143870
2016-03-21,62.62689282605357,66.23815080094731,61.77159240421111,64.85542297363281,865620
2016-03-22,65.76297489453246,66.32842362379444,63.67224728679123,64.36123657226562,298980
2016-03-23,63.29211370757898,65.28780958227875,63.29211370757898,64.98370361328125,102590
2016-03-28,65.95304987294374,65.95304987294374,60.96380629628707,63.04502868652344,159120
2016-03-29,63.662750980493584,63.667507281707785,59.92319615633841,61.07309722900391,370800
2016-03-30,61.19188721784493,65.57291905659005,61.19188721784493,64.4990463256836,580570
2016-03-31,64.43252572100283,65.19278712672514,63.10680824872437,63.77204513549805,49620
2016-04-01,64.14741569824699,65.92453930627455,64.05238393989681,65.19277954101562,79900
2016-04-04,66.52326283705533,66.52326283705533,64.9884781603007,65.15953826904297,114790
2016-04-05,66.41395257465435,66.90337296521845,65.19277249788726,66.2809066772461,770140
2016-04-06,66.52325990247924,67.37856040846025,66.15263089163079,66.35694885253906,443820
2016-04-07,66.36169689354114,69.74962613510328,65.10250242328439,68.75653076171875,462710
2016-04-08,67.4735896900926,71.21790107191525,67.4735896900926,70.0584945678711,299570
2016-04-11,69.37425411622978,71.0848550631152,69.37425411622978,70.2485580444336,192590
2016-04-12,70.79973614022921,74.79112776070325,70.13450662030287,73.44165802001953,900180
2016-04-13,72.98551480235298,76.78684354725763,72.98551480235298,76.14061737060547,2153860
2016-04-18,72.37255200569986,78.59247489916561,72.37255200569986,77.11470794677734,617530
2016-04-20,77.83221328592636,78.34063727310087,75.75098332328257,76.54450988769531,211180
2016-04-21,75.56092150901013,77.54236344002986,75.55616520732232,75.76049041748047,50110
2016-04-22,76.21664625130379,77.64214467683037,75.18078754230858,76.61579132080078,131260
2016-04-25,76.69655545744531,81.25339623111532,76.41620922225505,78.2931137084961,1018330
2016-04-26,74.60107865433373,78.76828743477132,74.60107865433373,77.39505767822266,231970
2016-04-27,77.39506733155758,78.87283439579926,77.02443830262523,77.7514419555664,171920
2016-04-28,77.45682630224213,77.48534235971451,73.93585087742828,75.43737030029297,266220
2016-04-29,77.35704134323508,77.35704134323508,74.31597399961733,75.33758544921875,167040
2016-05-02,77.45207374349562,77.45207374349562,74.12591106739458,75.96005249023438,59860
2016-05-03,76.5017300059827,77.41879695378482,75.69394921377513,76.81058502197266,98960
2016-05-04,75.74147540571043,76.97691019796025,75.52290305429452,76.27366638183594,150980
2016-05-05,75.32334210945655,76.69181572714045,74.60108751232933,75.6179428100586,531680
2016-05-06,74.89567989353309,77.35704411210891,74.89567989353309,76.22139739990234,46500
2016-05-09,77.54711462193231,78.2171006369297,76.211898893756,77.58512878417969,214870
2016-05-10,78.49268791900735,78.87282224280308,76.88187515670545,77.46157836914062,145650
2016-05-11,78.87757592972004,79.6758515311978,75.13326458351155,79.02963256835938,387180
2016-05-12,79.25772013554027,81.15838485221768,77.97477290187511,80.52641296386719,167050
2016-05-13,80.68320351671959,84.39424951883908,78.87757092497178,80.29356384277344,861990
2016-05-16,79.67583605388226,85.43485324059483,79.67583605388226,82.09443664550781,1026650
2016-05-17,82.11345594347209,84.38950571593352,80.9683038554679,82.7169189453125,493630
2016-05-18,82.30352500655061,85.52039434713824,82.29876870516216,83.5959701538086,451820
2016-05-19,83.56269831598745,84.10438730010539,80.45511567035466,81.01580810546875,288760
2016-05-20,80.77823525185346,82.58386784286907,80.30306916213668,81.2343978881836,164000
2016-05-23,83.43916919539171,83.43916919539171,80.78298521357225,81.2961654663086,80680
2016-05-24,83.05428107031071,83.05428107031071,77.23349623026677,80.90177917480469,81210
2016-05-25,83.15407595557832,83.72427388346742,80.77824521399037,83.39640808105469,631960
2016-05-26,84.00936536729381,84.29446066832108,81.5907717321859,82.8309555053711,93470
2016-05-27,83.50569367244181,84.57956645661322,82.20373593816903,83.81929779052734,152570
2016-05-30,84.86466994100246,85.43011152014944,82.67890294010331,84.6318359375,125990
2016-05-31,85.23529429902077,86.00506103342721,81.25340020285113,83.86681365966797,493690
2016-06-01,82.20373917165405,84.00937188678809,82.20373917165405,83.52944946289062,145240
2016-06-02,84.10440450278635,84.48453885458581,82.07069405868795,83.63398742675781,135340
2016-06-03,83.91433425615124,86.38519646999504,83.24909738097001,85.43961334228516,299600
2016-06-06,86.00505950659189,88.24309490826369,85.24954718805297,86.3519287109375,654700
2016-06-07,86.48023962869122,87.80595000202752,86.30917952402267,87.61113739013672,81340
2016-06-08,87.8012037289772,88.20509787097679,85.52991003151057,86.08585357666016,107040
2016-06-09,85.0547277373631,86.95064299374104,84.29445911438744,85.41110229492188,152730
2016-06-10,83.62923701211925,87.12645994082625,83.62923701211925,85.31607818603516,173480
2016-06-13,84.5890750336927,86.47072881577951,84.5890750336927,86.17137908935547,55340
2016-06-14,84.96444674965767,87.61587438184183,84.7838813166776,86.51824188232422,84620
2016-06-15,87.64912688544285,87.64912688544285,85.62491500812419,86.0810775756836,75210
2016-06-16,85.77221544103207,86.48021541918924,84.19941707892121,85.6581802368164,77940
2016-06-17,84.76963763412839,86.83661327155599,84.76963763412839,86.22840118408203,51690
2016-06-20,86.24264420422028,87.1454568631993,85.13550635898154,86.65603637695312,40660
2016-06-21,87.62061145954104,87.62061145954104,86.14760114324785,86.9363784790039,39440
2016-06-22,86.48973355986013,86.95064524627989,85.05472994078647,85.5346450805664,53950
2016-06-23,86.24265380475012,86.95540300974805,84.68410945652475,86.1571273803711,50190
2016-06-24,84.10440064447656,88.2573550152788,82.20373622313245,87.79168701171875,252300
2016-06-27,88.02927256923998,90.5571598017786,87.46383097818646,89.00336456298828,297090
2016-06-28,87.91522712087041,90.65218103714928,87.91522712087041,89.11264038085938,118650
2016-06-29,88.38090070449726,91.2223921486314,87.05043408250965,89.98220825195312,163820
2016-06-30,89.98220962039149,90.80425226300244,88.57096560441764,89.85391998291016,77620
2016-07-01,89.52128804914432,90.75672277771572,88.33812913071296,88.97959899902344,79550
2016-07-04,88.66600533442363,90.756733466987,88.48069082835761,90.2435531616211,120820
2016-07-05,91.95414748023012,92.36279062415036,90.2340412346564,91.7213134765625,299120
2016-07-07,91.61676482889438,91.61676482889438,90.4716129096784,91.2936553955078,35940
2016-07-08,90.85174320589898,91.6262661525585,90.53813188695558,91.3411636352539,11200
2016-07-11,91.34594028995,92.8474597643494,89.90618748271179,90.17227935791016,132400
2016-07-12,91.70705691916552,91.70705691916552,89.52128996805871,89.6638412475586,93570
2016-07-13,89.3359731407115,89.53079297591161,88.4759236858757,88.92733001708984,18910
2016-07-14,89.996454662794,90.28155721734822,88.76102717746366,89.7398681640625,24850
2016-07-15,88.66599087782875,91.53124167777705,88.66599087782875,90.06297302246094,1219370
2016-07-18,89.52129311133966,90.95629680789509,88.38089733621743,89.60682678222656,885970
2016-07-19,88.5709624643302,90.272058055442,88.5709624643302,90.00596618652344,852030
2016-07-20,88.3808836966554,90.27204251121891,88.3808836966554,89.3407211303711,297470
2016-07-21,89.80638535888403,90.4906256455013,88.95108500061244,89.52603912353516,118330
2016-07-22,88.38089320623759,89.80639148375755,88.38089320623759,88.98910522460938,68280
2016-07-25,88.95109876544238,90.55716261725888,88.95109876544238,89.60208129882812,84130
2016-07-26,88.90831795439719,89.84439563239135,88.47591511827636,89.15065002441406,123810
2016-07-27,88.20033549576438,89.33123321512426,86.29017285692098,87.00292205810547,117320
2016-07-28,86.58002305507225,87.86771919696507,86.24265191522915,87.17398071289062,30970
2016-07-29,86.25214468451156,89.23618694201083,86.25214468451156,88.86080169677734,871900
2016-08-01,89.32647820026352,89.32647820026352,88.47592681671104,88.87031555175781,41850
2016-08-02,87.44481426375538,89.33122420601485,87.44006521305862,88.54720306396484,364180
2016-08-03,88.02927971567499,88.8038028724363,86.95540681004447,87.38780975341797,133160
2016-08-04,87.43055456653724,88.85605273881774,85.62492209822355,88.48067474365234,71550
2016-08-05,87.4495758413724,89.14117344095476,87.44482678999535,88.42366790771484,42540
2016-08-08,90.28155737392372,90.28155737392372,88.3808930081569,88.41890716552734,36860
2016-08-09,88.85605264637313,90.06297124077982,86.95538841864322,88.86080169677734,651190
2016-08-10,88.98911307887525,91.02282355426426,88.38090100682209,89.36924743652344,75930
2016-08-11,89.141163119583,90.50488750428504,88.34762935343045,89.14591217041016,66760
2016-08-12,88.271612235105,90.42411418092571,88.20033296675449,89.19343566894531,49410
2016-08-16,92.65264156585802,94.36323519619933,90.47162363022233,91.28890991210938,435920
2016-08-17,92.45306931964691,95.50838378848094,90.37658858259014,94.60081481933594,571110
2016-08-18,95.67944181969848,95.88851605423088,93.14205670160196,95.14250183105467,346820
2016-08-19,95.98356624873009,95.98356624873009,92.75243484571048,93.14207458496094,81700
2016-08-22,93.12781289518789,93.13256194634614,91.32692919321278,92.58136749267578,81930
2016-08-23,91.70705030850742,94.9381809922668,91.70705030850742,92.27249908447266,68550
2016-08-24,92.84269734868028,93.96883860498936,92.24873976616136,93.50792694091795,33830
2016-08-25,93.88331641783353,95.698447101449,91.2318887801066,93.03752136230467,165880
2016-08-26,92.36278324482484,93.41765250298064,91.7308115000408,92.00640869140624,84310
2016-08-29,93.27984570930704,93.2846020100798,91.99214977967016,92.04441833496094,30180
2016-08-30,93.1420565787532,93.1420565787532,90.8802614086592,91.31741333007812,62650
2016-08-31,90.94678960821368,92.67639394061206,90.94678960821368,92.41980743408205,103740
2016-09-01,93.01851434743038,93.01851434743038,90.73772283784456,91.00381469726562,80680
2016-09-02,92.5623585046207,92.5623585046207,87.24049959018114,90.05348205566406,163680
2016-09-06,88.38090259370081,92.9425004664629,88.38090259370081,88.9653549194336,211610
2016-09-07,90.64744476754235,90.75673094745504,88.47593207041136,89.92993927001953,158970
2016-09-08,90.28531295416435,90.88561423710428,89.80507192781242,90.49662017822266,124120
2016-09-09,90.01157526239457,90.67431024732636,89.42568793101188,89.76665496826172,29160
2016-09-12,88.36435901563134,89.80508226045141,88.07621143550837,88.72933959960938,53750
2016-09-14,89.1327388752467,91.7260375286682,88.4603970306546,90.8664093017578,45310
2016-09-15,91.24581051916684,91.24581051916684,89.19037916317744,89.59858703613281,31520
2016-09-16,90.28531318998049,90.69832076683774,88.46039581949731,88.74373626708984,91690
2016-09-19,90.28532123956217,90.28532123956217,87.86490946890397,89.02709197998047,37360
2016-09-20,89.90111770297344,89.90111770297344,87.66799988555418,88.37395477294922,39510
2016-09-21,89.132735120764,89.132735120764,82.98564867659125,85.68460083007812,216600
2016-09-22,86.44339123406509,86.92363229647655,81.16073954753888,82.55824279785156,520690
2016-09-23,84.13823180087728,84.13823180087728,81.16073871022363,81.66499328613281,397900
2016-09-26,82.51502503650433,85.29081786419685,81.66499628181315,85.05069732666016,370040
2016-09-27,85.48290546317052,86.39536051167488,84.52242337931469,85.55974578857422,108070
2016-09-28,85.42528796412235,85.9487489967746,83.66760380512193,85.5501480102539,47910
2016-09-29,87.01487014035912,87.10611710510632,77.8950906840575,80.10420227050781,182150
2016-09-30,78.27929754093151,83.85489687975425,78.27929754093151,83.47550964355469,134230
2016-10-03,81.6505790792438,83.9461305350726,81.6505790792438,82.84637451171875,105460
2016-10-04,81.7370284763533,84.5224281420691,81.7370284763533,83.3554458618164,485500
2016-10-05,82.60145367047873,84.13822343597816,82.33251987750337,83.134521484375,88270
2016-10-06,81.88590382123596,83.8404885320421,81.88590382123596,82.53903198242188,69140
2016-10-07,81.16073722647846,84.22947723441109,81.16073722647846,83.51872253417969,37430
2016-10-10,83.51872484409262,85.09871471366506,81.92912810146981,84.45039367675781,70470
2016-10-13,86.92362428230209,86.92362428230209,82.33252132140193,82.88960266113281,89460
2016-10-14,82.13082077308569,85.29080754405989,82.13082077308569,84.78174591064453,57120
2016-10-17,83.56195024148394,85.96315570819326,82.61107492847837,84.98346710205078,57850
2016-10-18,83.85008885291549,89.8098746141206,83.85008885291549,89.01268005371094,207350
2016-10-19,87.40867253227455,90.76556017356192,87.40867253227455,90.17486572265624,113050
2016-10-20,88.65249926778185,91.14975122013554,88.65249926778185,90.1940689086914,49280
2016-10-21,89.32483233401477,90.7655554361763,88.74854455872949,89.82427978515625,121750
2016-10-24,88.06659832229523,91.23618457584996,88.06659832229523,90.37655639648438,62560
2016-10-25,90.38136591620614,90.38136591620614,88.27310795849291,88.56605529785156,34360
2016-10-26,88.36434734986382,89.71382343855865,87.35583828047312,89.18075561523438,43060
2016-10-27,88.22027793263987,88.5708518414205,87.50952324242938,87.68721008300781,17270
2016-10-28,87.40387108553519,89.83869672602273,87.40387108553519,88.05699920654297,80100
2016-11-01,86.05919726845688,88.86861042614538,80.39235124338177,87.94654846191406,582150
2016-11-02,86.02557960059448,88.36435111395537,85.00266384331576,86.13123321533203,166950
2016-11-03,84.74333664239269,90.18926824514745,84.74333664239269,88.73413848876953,246510
2016-11-04,88.73414082398251,89.80507631323293,88.36435316382278,89.28641510009766,203190
2016-11-07,89.28640867099375,90.18926412454064,87.59595824559628,89.75224304199219,49830
2016-11-08,90.30933673269918,90.38136996367834,89.37286809048348,90.29012298583984,35410
2016-11-09,88.36435463632752,90.27571199458474,78.85558022618679,88.71012878417969,328370
2016-11-10,91.15936160944176,91.48592201314796,88.83979640818593,91.2121810913086,213360
2016-11-11,88.84459720945185,89.80507934144592,85.87190383846665,87.80247497558594,452700
2016-11-15,87.78807164354367,87.78807164354367,80.68050213292113,83.48030853271484,466990
2016-11-16,81.81386055083449,86.63547717269469,80.14262385119645,85.58375549316406,52920
2016-11-17,86.59706790197974,86.92842806434466,84.61846983302667,85.9871597290039,101160
2016-11-18,85.10351304109402,86.52982210641521,85.00265920420448,86.11201477050781,45970
2016-11-21,85.27159971262977,86.15044171396275,82.66869409953988,84.27269744873047,139350
2016-11-22,84.5224230852455,85.18515806572724,82.69750566668927,84.42637634277344,83100
2016-11-23,83.49471252967267,85.47811048909982,83.36985248980524,83.63878631591797,87280
2016-11-24,83.65798515986434,86.34733783328748,83.27859797406934,85.43487548828125,57400
2016-11-25,86.3473314480826,86.91401229876459,83.66758584514015,83.96053314208984,64780
2016-11-28,84.26309413004266,86.15523762791359,83.56193900378243,85.80946350097656,66890
2016-11-29,87.62477985215435,87.62477985215435,84.11901893582682,86.15043640136719,51910
2016-11-30,87.52872937276858,88.86860597891551,84.80576355343682,88.77735900878906,125540
2016-12-01,90.2949239572148,91.05370569291036,86.6546959315904,87.8216781616211,72420
2016-12-02,87.78805854201191,89.32482831628268,85.48290021665761,86.11201477050781,74330
2016-12-05,86.44337310971841,86.53941983648343,83.58113375358926,84.36872863769531,72620
2016-12-06,84.42637249579722,85.82387561796183,83.3410231044174,83.78765106201172,73290
2016-12-07,82.4093624542376,86.25129063713172,79.34542238345266,81.27599334716797,142190
2016-12-08,80.99746276504193,83.84048909521383,80.99746276504193,82.91361999511719,89140
2016-12-09,83.5571436183362,83.5571436183362,81.65058604784234,81.90511322021484,73760
2016-12-12,81.92912468157651,83.94613559203324,81.92912468157651,83.33622741699219,17130
2016-12-13,85.00265596453198,85.86709121958101,83.3794390593786,85.56453704833984,166780
2016-12-14,83.95575101006705,85.91032843909353,83.33143612645483,83.61477661132812,36420
2016-12-15,82.60626348611734,86.96205349118969,82.60146371347929,86.09761810302734,69170
2016-12-16,86.08800046368907,88.71972646384829,84.868191527535,87.39425659179688,244600
2016-12-19,87.39426424782955,88.52763341921312,84.85859208946243,85.83348083496094,97480
2016-12-20,86.44338961056572,87.88411277074181,84.53683204236759,85.92472839355469,216890
2016-12-21,85.20436335239982,88.17225675231087,85.19475647991109,87.69681549072266,112420
2016-12-22,89.32482512180603,92.07180420103089,84.33032170206776,84.57044219970703,322520
2016-12-23,85.86229471833576,86.41457632651752,84.53203227642261,85.5933609008789,55730
2016-12-26,85.96314471863921,86.82277294155111,84.13822733165861,84.71932220458984,66510
2016-12-27,86.05919587794774,86.80357098126413,84.15263829699612,86.29931640625,303740
2016-12-28,88.1722515790949,88.48440530164643,85.05068504199475,85.64617919921875,8804970
2016-12-29,86.44338667982862,88.84459186537941,85.98715916015331,87.7880630493164,177410
2016-12-30,88.74855548982886,88.84460224289032,86.64029738377563,87.91293334960938,75130
2017-01-02,89.3248361716749,89.3248361716749,85.27160049765797,88.33554077148438,29150
2017-01-03,89.18076178477774,90.28531766864371,88.16745287314677,88.85900115966797,1392510
2017-01-04,91.1497518109932,91.1497518109932,88.77735987611484,90.23728942871094,356520
2017-01-05,91.14976068484276,91.34185419039451,89.3824696565969,90.4678192138672,73690
2017-01-06,92.11023684573476,92.11023684573476,90.10763250331364,91.54354858398438,68650
2017-01-09,92.11023479601177,92.11023479601177,90.28531734161254,90.51583099365234,66740
2017-01-10,92.10061666709478,92.10061666709478,90.66950056573582,91.34183502197266,132070
2017-01-11,91.57716720059392,92.97467041789666,91.38026661096086,92.26390838623048,187720
2017-01-12,93.74305797327594,104.59650938454828,93.29163018261296,95.63040924072266,1330440
2017-01-13,96.49963496908984,98.05081146392504,93.8967294327028,96.96546936035156,250780
2017-01-16,97.868312227861,98.1612595371494,96.0530017958432,97.51773834228516,92030
2017-01-17,97.58498372093116,100.85062445456312,97.16237656332974,99.47713470458984,204660
2017-01-18,99.50594301063208,100.08223079877594,98.35336743434432,98.70394134521484,117450
2017-01-19,100.27431809043097,103.2518107008771,98.44940090083632,100.1590576171875,245560
2017-01-20,100.85061090810852,100.85061090810852,96.1538544720483,97.4312973022461,36710
2017-01-23,96.24031036441912,100.79300111975714,96.24031036441912,99.74127197265624,43780
2017-01-24,101.7150562291934,101.7150562291934,98.737563173836,100.3511734008789,54360
2017-01-25,99.89014324507474,100.850625391662,98.02680553576836,98.85762786865234,48660
2017-01-27,97.97397028398352,100.37037567130776,97.96437073943066,98.81439208984376,66020
2017-01-30,98.92485948473882,100.85062351476348,96.04821287120332,100.42800903320312,230470
2017-01-31,98.45902707355768,101.81110771929688,98.45902707355768,100.50965118408205,161570
2017-02-01,101.80630111722654,104.4043995848776,100.51445154196573,103.05973052978516,121490
2017-02-02,103.53997127330372,105.07674113747792,103.06932977748106,103.7224578857422,74180
2017-02-03,104.6877528854158,106.03722911189313,103.53037015467513,105.6722412109375,109340
2017-02-06,106.94968296440628,107.95819212503513,106.13327462517664,107.19461059570312,80120
2017-02-07,107.08895493045196,108.53447786037243,105.17279049301575,106.73357391357422,66990
2017-02-08,108.32315496958007,108.36157512757345,106.14286413070089,107.7756805419922,45590
2017-02-09,108.40479861000776,110.22971587107232,107.2858362034284,107.89574432373048,117830
2017-02-10,108.35197798084384,109.3412733223024,106.61350781101454,107.52596282958984,38690
2017-02-13,109.5862063553332,109.5910061277896,104.69734865656874,105.36488342285156,117000
2017-02-14,106.99290326720174,107.28585060892752,104.31796435515548,105.44172668457033,19530
2017-02-15,106.7239726925065,107.57400145222148,103.78969941335012,105.75389099121094,60550
2017-02-16,106.86804144201942,106.86804144201942,102.78119269975218,105.54737854003906,179210
2017-02-17,106.58470041138747,106.58470041138747,103.44391982302804,104.60610961914062,145910
2017-02-20,104.60610814848626,106.32536464447531,104.11626022979551,104.51966094970705,71280
2017-02-21,104.20751833904193,105.28806080794486,102.76679504717136,104.35639190673828,101560
2017-02-22,104.2122998500647,104.37078026374644,101.34046064333472,102.76677703857422,41560
2017-02-23,102.90125068627772,104.69254773096432,101.86872804356912,103.71765899658205,99860
2017-02-27,102.9492646818842,107.55478161362272,102.0224030345511,106.07083129882812,4510340
2017-02-28,107.57878830950813,107.57878830950813,103.2518193550441,104.03461456298828,127470
2017-03-01,104.2747475918952,106.13327821848635,103.74167970229732,105.75389099121094,108730
2017-03-02,105.240031353622,105.43693195769096,99.894945718432,101.6286163330078,120860
2017-03-03,100.67292200267936,102.77157280331566,99.60678640886188,100.8506088256836,68840
2017-03-06,100.85541714286934,104.20269774373352,99.89493507267352,103.30464935302734,278550
2017-03-07,104.88464441521016,105.5569862949379,100.85542222098154,105.49455261230467,368270
2017-03-08,106.51746811235164,106.51746811235164,103.80410173836248,105.5905990600586,183680
2017-03-09,105.49935177312528,106.613514541581,104.99029742570558,106.39740753173828,55930
2017-03-10,106.8104107055939,107.09375115848393,103.84732438921124,105.95077514648438,90910
2017-03-14,107.66523649260084,107.67003626480476,105.65302542678188,106.15727996826172,35190
2017-03-15,105.1775800350776,107.47793855632536,102.77157523422552,105.28323364257812,81860
2017-03-16,105.23041335266429,110.74358571622864,104.21230470234252,109.83112335205078,383530
2017-03-17,111.24303646112094,112.6453394469191,108.26073631816296,108.53447723388672,268320
2017-03-20,109.40851383533632,110.43622933574343,107.83331653163631,108.33277130126952,86010
2017-03-21,109.4277324710757,109.4277324710757,106.70956620730156,107.50196838378906,74370
2017-03-22,107.4971623017604,107.5019694024466,105.08635734025052,105.88835906982422,411120
2017-03-23,105.87875119395665,108.05424269396332,105.46094380046712,107.40591430664062,126860
2017-03-24,108.50565651617109,114.71997644647986,107.80930850733957,112.31877136230467,200900
2017-03-27,113.3368855975225,114.0044203509344,109.61021775998576,111.90576934814452,116970
2017-03-28,110.20091987442146,114.2973756508003,110.20091987442146,113.6538543701172,140340
2017-03-29,113.36570036724322,113.81712812382654,110.45544079527468,112.55889892578124,109290
2017-03-30,112.5589032613752,115.06576220917304,111.61282777623822,113.80752563476562,299480
2017-03-31,114.07166151841056,114.07166151841056,112.47245786548288,112.80382537841795,42010
2017-04-03,113.95638521358434,116.42482369399706,113.28405073561052,115.50276184082033,219370
2017-04-05,114.768004757862,116.23274143462852,113.78831623432625,115.9542007446289,105910
2017-04-06,116.58330877643247,116.58330877643247,112.18430654963537,113.34648895263672,207030
2017-04-07,113.13997983643938,116.1174726867896,112.9766996487771,115.2962646484375,113740
2017-04-10,115.6420423051978,117.10677892260784,113.8363313298084,115.69966888427734,167560
2017-04-11,115.74288709771312,118.89807415754532,115.44034023414724,116.79942321777344,208280
2017-04-12,115.64203451085504,118.43703332627724,114.84003291850156,117.12117767333984,332530
2017-04-13,117.63983876675384,119.09016131291835,115.82452104227356,116.41041564941406,303020
2017-04-17,118.47547890903894,118.81164621630997,114.79203052015268,115.64205932617188,366550
2017-04-18,116.98190778328618,118.31697722672196,115.44993776383018,117.23643493652344,171840
2017-04-19,117.85596003968028,117.85596003968028,114.41743229878438,115.6612548828125,155160
2017-04-20,116.89547319973728,120.16111373437327,116.1414912502264,119.80573272705078,198080
2017-04-21,122.36540894703154,123.3258836244843,119.48876270296893,122.0868682861328,141960
2017-04-24,123.417132039737,130.4238465925121,123.14340580339372,125.90958404541016,242410
2017-04-25,125.82313827846374,131.9702170343315,120.87665465918924,130.5391082763672,337060
2017-04-26,130.625561679026,138.97215322241422,127.93141650417688,133.6702880859375,464700
2017-04-27,133.98723878598975,139.57725105184144,133.69909125529156,138.65518188476562,377600
2017-04-28,138.65519594144104,142.52593761520566,135.42797551319276,141.027587890625,168930
2017-05-02,141.02277147721736,144.07230486127284,140.2303767316389,142.41067504882812,165440
2017-05-03,144.0723179317134,144.0723179317134,141.19567867353095,142.0457000732422,97600
2017-05-04,142.84769614551954,143.46719650430973,141.3829522524851,142.6940155029297,44840
2017-05-05,143.2895295550272,144.54296640236646,141.1908783677534,144.46131896972656,106050
2017-05-08,144.5525696311309,144.5525696311309,141.19088196529066,143.02059936523438,56240
2017-05-09,144.07231256920434,144.07231256920434,140.0526973934505,141.32052612304688,53720
2017-05-10,141.1908663255659,142.75645681209107,139.26990215787114,140.18716430664062,42100
2017-05-11,139.66852156499758,142.91014919657425,135.62009235139735,136.62379455566406,144310
2017-05-12,139.1738408979936,139.1738408979936,133.50700275833807,136.2587890625,114040
2017-05-15,135.9034152770851,138.96254853832573,134.6595926684375,137.96365356445312,51350
2017-05-16,138.30943675580988,138.30943675580988,134.0016735039544,136.2059783935547,114190
2017-05-17,134.46749638993865,137.9396445192361,134.46749638993865,135.807373046875,46630
2017-05-18,134.467488806336,136.86388686342366,134.43867551691238,134.52992248535156,138300
2017-05-19,132.66180161819813,137.2721192776997,129.42978827689242,130.4094696044922,192560
2017-05-22,131.20184524101887,136.38844210670348,131.1970381412321,133.45896911621094,294620
2017-05-23,133.85279672103013,134.90452587690078,125.948032511009,133.67510986328125,141800
2017-05-24,133.987253762615,134.17934725262128,127.09099927757114,127.96502685546876,87140
2017-05-25,128.04667408719212,138.8280769151157,125.91920974343336,137.42578125,172070
2017-05-26,138.01168195010817,138.01168195010817,133.3149248408195,135.30792236328125,54760
2017-05-29,133.50701080951538,139.14503600061002,132.54652871736062,135.6392822265625,87670
2017-05-30,138.21336777419492,138.68400927739594,133.80475847024007,136.8638916015625,49610
2017-05-31,138.78484447378662,139.01536543414662,134.94772350248417,136.55653381347656,57220
2017-06-01,135.21667057029669,140.12473474940742,135.21667057029669,139.30831909179688,47410
2017-06-02,136.69102548346993,141.66152375764943,135.65851005834935,140.84510803222656,39280
2017-06-05,140.84508399221428,142.6315811504312,139.15943334331007,141.2772979736328,128020
2017-06-06,142.91011457244477,142.91011457244477,139.68289437044226,142.60276794433594,81900
2017-06-07,143.1118402873236,145.99328673606166,142.62679211193176,145.8011932373047,164570
2017-06-08,147.11705237625824,163.18591499378067,145.3977957386843,161.66355895996094,641600
2017-06-09,162.32148045904916,163.18111607161148,158.82532608154756,160.75588989257812,168100
2017-06-12,162.29265164402833,162.29265164402833,156.80350029697524,158.01370239257812,112820
2017-06-13,160.29486340010678,160.29486340010678,154.73367827048563,156.5922088623047,62610
2017-06-14,158.095361622888,159.343976644843,154.6376201546284,156.1455841064453,98890
2017-06-15,156.13596931049264,157.0388248379744,154.6568333110268,156.33767700195312,35990
2017-06-16,159.41601258847905,160.96718170470626,155.41559668119308,157.35096740722656,75650
2017-06-19,158.95496376742778,160.30443980383768,156.63059908806358,159.76177978515625,55820
2017-06-20,158.86374749842344,167.30639410978546,158.86374749842344,162.02854919433594,217530
2017-06-21,163.2819656574856,163.66136021072398,159.07985624718265,159.6033172607422,54560
2017-06-22,161.90843942247182,162.52314724656304,153.57144898645706,155.04098510742188,170690
2017-06-23,156.45774154976115,158.4747452406266,151.4055961378438,153.0,136450
2017-06-27,153.2017007001786,154.27262885253245,145.99808501366448,147.27552795410156,113410
2017-06-28,149.07642230292308,149.07642230292308,145.032786508669,146.10372924804688,74840
2017-06-29,147.1458236348381,150.43066996266873,146.4686821390086,147.5540313720703,137460
2017-06-30,147.722148594032,148.89873036256506,147.722148594032,148.7882843017578,115220
2017-07-03,150.4067080356922,154.34948327798455,149.16288537222923,153.52346801757812,97800
2017-07-04,154.63760606403008,157.09643770372386,152.6253950486838,153.96046447753906,214090
2017-07-05,154.73366069648372,156.36647721422702,152.90873604835315,153.4850311279297,96530
2017-07-06,154.82968347397866,155.02177692793848,152.7166261688385,153.2064666748047,73010
2017-07-07,153.00480590471054,153.82120691994413,150.9253538905748,153.48023986816406,48320
2017-07-10,137.39694823708345,155.88622609195278,137.39694823708345,153.7347412109375,34560
2017-07-11,154.62801949882245,154.63761904379527,152.91836252285142,153.31214904785156,70690
2017-07-12,152.23639685805406,154.44550838715273,150.23859254122178,152.94715881347656,143470
2017-07-13,152.94234650530151,154.63759658975883,151.75615069057076,153.54745483398438,347080
2017-07-14,154.44551962797405,154.44551962797405,150.7956848345772,152.30844116210938,91560
2017-07-17,152.23641496277497,153.67713813276967,151.57367995965035,152.92796325683594,132850
2017-07-18,153.19688764146227,153.19688764146227,149.83520045183772,151.8522186279297,168950
2017-07-19,151.85221630301672,153.6771263156985,151.0886201845379,152.62059020996094,108700
2017-07-20,152.63021846106358,153.96528803260478,152.24122437172994,153.48023986816406,68150
2017-07-21,153.48505871859837,153.7732063101844,152.2604351183065,153.40821838378906,49620
2017-07-24,153.19690823041503,154.44553799981566,152.71666713878363,153.1440887451172,44860
2017-07-25,153.19687698252272,153.4850245098865,150.89172607519654,151.82339477539062,82500
2017-07-26,152.42849969717895,153.67712930393202,151.27592415855807,153.4562225341797,111960
2017-07-27,154.15738698147862,154.15738698147862,151.29994668757257,151.74658203125,119150
2017-07-28,151.85222969057764,153.9124532947096,151.85222969057764,153.67233276367188,52580
2017-07-31,158.28743393799977,158.28743393799977,151.75615351384064,152.86550903320312,85200
2017-08-01,153.6771298315656,154.5415578245509,150.0849216456672,150.99258422851562,188360
2017-08-02,151.5256336635418,153.00478413731065,150.79567262627685,152.28921508789062,62360
2017-08-03,151.2807341234166,153.58107814407404,149.11964945165687,150.8821258544922,585020
2017-08-04,152.71665787527456,152.71665787527456,149.8352115002694,150.64682006835938,34940
2017-08-07,150.8148823846447,154.24860248147425,150.8148823846447,152.8847198486328,135670
2017-08-08,151.85223143529893,157.4134165494791,150.90134884537838,153.56668090820312,194020
2017-08-09,151.94827917196824,153.48505653469718,151.03582402475828,151.9098663330078,58480
2017-08-10,150.98777290421253,151.9914748716495,147.54445301750098,148.84109497070312,67160
2017-08-11,145.9932756019703,150.79568598361408,140.71062418216218,149.46542358398438,93550
2017-08-14,153.8692145848071,153.8692145848071,144.0723010449116,146.59837341308594,70650
2017-08-16,149.34056593278814,149.34056593278814,142.24741061406226,143.73135375976562,86860
2017-08-17,143.72655395721029,146.95858179436763,143.11184594341665,146.70884704589844,47660
2017-08-18,145.1865026614579,147.04984060005748,144.6102074402717,146.4495391845703,63670
2017-08-21,146.44953078671125,147.91426029418943,144.56217210624123,147.72695922851562,47270
2017-08-22,146.83372924469495,147.43403067251464,143.95708949243792,146.05093383789062,42930
2017-08-23,144.48052801821717,146.34865814886996,143.88022668413433,144.49012756347656,32960
2017-08-24,143.8802334672868,144.07713407284407,138.06450624750002,140.9507598876953,177860
2017-08-28,142.86689596654142,146.47351070691622,139.75013644495942,145.6234893798828,51950
2017-08-29,143.8033787660097,148.1255481433204,143.8033787660097,146.4302978515625,33090
2017-08-30,148.5673362237304,151.17984821635883,145.46498372840574,150.65638732910156,68080
2017-08-31,152.33246080785668,152.33246080785668,150.07532210113828,150.99258422851562,42870
2017-09-01,153.68672703353877,154.63760953596338,151.7561633955417,152.2364044189453,67070
2017-09-04,153.1968764350373,153.869210892622,148.874707507403,152.298828125,36230
2017-09-05,150.60359715113387,154.1717846575138,150.60359715113387,152.84152221679688,59940
2017-09-06,152.7166664417089,154.63763079946625,151.18469619393383,154.1862030029297,41260
2017-09-07,154.06132913609218,157.71116419314853,153.6771421430523,154.9833984375,93230
2017-09-08,155.50204059362193,158.5707878286913,153.67713053088497,156.8515167236328,107160
2017-09-11,156.94276039990513,163.73337549756155,155.31475095350945,162.26864624023438,307990
2017-09-12,162.321477877788,170.9658169363684,159.92987212882824,166.73008728027344,341240
2017-09-13,166.57641695436917,168.3725285916452,161.84605395637024,163.07546997070312,165570
2017-09-14,164.4345280910416,167.21993489832823,163.23873259910434,166.5908203125,120150
2017-09-15,166.59562074862632,173.55911611719617,164.92439123987774,172.59384155273438,277900
2017-09-18,172.59383061649763,182.491591199122,170.4855654623376,180.89239501953125,305880
2017-09-19,185.0848933915539,186.8137640621048,175.84025339619268,176.8007354736328,540630
2017-09-20,177.8812594371508,182.0113348747008,174.90377409811103,176.15719604492188,155260
2017-09-21,178.65159383739336,179.82626184599252,172.76856152200355,173.02476501464844,134150
2017-09-22,173.02959877555048,173.4404950543819,168.7176293562452,170.10501098632812,87240
2017-09-25,171.60840458814036,171.60840458814036,161.25872410734928,166.43115234375,82770
2017-09-26,167.45111453496617,169.38473021031754,162.42371672951597,167.87167358398438,83180
2017-09-27,169.66992288189977,169.66992288189977,161.45689569298847,164.38632202148438,71430
2017-09-28,165.42082564653106,166.29094679277586,160.97350372672778,164.51202392578125,116370
2017-09-29,164.55551746052285,167.83783395431206,161.70343750339677,163.79656982421875,131840
2017-10-03,167.2577459316905,176.92582373121016,164.48301232396943,173.64834594726562,235020
2017-10-04,174.70217369087766,181.7308708164492,173.83205253603683,180.73989868164065,182430
2017-10-05,182.8233610265632,182.8233610265632,180.7930587440193,181.3054656982422,69640
2017-10-06,182.43662668770835,182.43662668770835,179.10598152847552,180.76405334472656,89230
2017-10-09,180.76407126623903,187.07732556908263,180.76407126623903,185.29356384277344,102850
2017-10-10,182.16592214183623,187.42535888328047,181.85655132003632,186.35704040527344,71180
2017-10-11,186.9806139921323,188.8513993907634,181.2716153767203,182.8136749267578,47150
2017-10-12,184.6554583931358,188.0634648752305,181.75503487764257,182.8523712158203,48780
2017-10-13,182.8572133423252,185.3322540460715,180.93327499455896,183.1182556152344,46840
2017-10-16,190.2967779626333,190.2967779626333,179.45885620912227,185.2258758544922,645030
2017-10-17,187.5558759158612,187.5558759158612,184.1768873490181,184.9793395996093,245340
2017-10-18,185.6222581123516,187.54137217791856,183.91584294213587,184.94549560546875,45570
2017-10-19,185.1436961894604,187.27067042759663,185.1436961894604,186.46339416503903,24550
2017-10-23,186.4005576752468,187.072481464279,177.4189044274697,179.75375366210938,205860
2017-10-24,180.88974521053527,181.24745937565493,178.97545514561256,180.8365631103516,43790
2017-10-25,181.75503686673684,181.76471438671047,178.00865645155838,179.87460327148438,46290
2017-10-26,180.77855563407,180.77855563407,172.9184035618967,176.30223083496094,88340
2017-10-27,177.409261679772,180.9864482018704,175.68834468126542,180.05348205566406,35010
2017-10-30,179.8311053410533,181.015436148596,176.92584292635703,179.6619110107422,32400
2017-10-31,181.22813956404568,181.25714262112584,176.72764992852004,180.23716735839844,76130
2017-11-01,179.73441131873523,181.25713072477544,179.4443660146521,181.0879364013672,366710
2017-11-02,181.0879473902721,181.1266279677329,177.93132017358414,178.75311279296875,29970
2017-11-03,177.60260277802766,180.69638501172952,177.60260277802766,179.9036102294922,33250
2017-11-06,186.0911659409935,189.5039963815111,181.2764671053248,182.77984619140625,988690
2017-11-07,183.6934767224303,187.02413657885123,180.60451880906515,182.61065673828125,96640
2017-11-08,183.6934646832081,186.78242239412373,181.4794815209396,182.9925231933593,404980
2017-11-09,181.9532646763195,188.43087539801,181.32484537024723,186.09120178222656,227800
2017-11-10,186.105694442352,186.11053320291745,180.42569764979527,185.72381591796875,189970
2017-11-13,183.69347166915887,185.62708716041325,180.72536480897216,183.17140197753903,586010
2017-11-14,183.1665778688489,185.76729327297744,181.2764668046873,183.48562622070312,173750
2017-11-15,180.7930456247164,184.6119332101765,179.81657512763024,182.59130859375,80950
2017-11-16,179.82624994494566,183.69348112655737,179.82624994494566,181.5423278808593,120860
2017-11-17,183.47115369639656,184.2736060865809,180.79793023342884,181.8082427978516,115600
2017-11-20,180.7930555049969,183.6886400956861,180.7930555049969,183.5822906494141,72910
2017-11-21,184.6603118694762,184.6603118694762,178.19236455409592,178.82562255859375,192690
2017-11-22,179.9229584302858,183.58231516760324,179.9229584302858,182.6590118408203,220400
2017-11-23,179.34286865074012,183.70316704672413,178.76277799946007,179.763427734375,185160
2017-11-24,179.82623936429155,183.78047947427325,175.36925509963237,180.00509643554688,232010
2017-11-27,181.17977459953548,183.2052381070872,179.39601304035682,181.4263153076172,188050
2017-11-28,182.62999632788515,182.62999632788515,178.66609300808355,179.83592224121094,79250
2017-11-29,180.43533616288624,190.5578145450179,180.3048076743877,187.82174682617188,210010
2017-11-30,187.56072228865264,192.3947615228963,186.5987532017796,191.4134521484375,1035530
2017-12-01,192.78147794681647,194.23168971096703,188.9915929734479,191.25875854492188,274670
2017-12-04,191.3361044963902,193.74828533772683,179.3815202376222,181.2474670410156,350910
2017-12-05,181.6631820258181,183.11339374423275,178.10049759795,179.61839294433594,107500
2017-12-06,180.30966769704528,183.69349524095765,177.4092440879775,182.44631958007807,112470
2017-12-07,181.8903770140544,186.37636453881265,179.41052744164796,185.617431640625,243860
2017-12-08,185.61743635365767,189.71186801029737,183.40827697200143,188.42117309570312,293960
2017-12-11,190.3644619069004,196.1653090721973,185.0373559042702,190.3112945556641,1124380
2017-12-12,190.364447641634,191.81465932428424,183.6934798023691,187.17881774902344,232520
2017-12-13,188.0441305438732,190.07443296995248,186.30387342899343,188.1166381835937,107590
2017-12-14,187.07733028583863,187.75409287129284,178.66610443275292,181.09762573242188,214320
2017-12-15,182.243272134491,186.1105033734192,179.34284870529484,185.0566864013672,219020
2017-12-18,185.6270983509609,186.5939061548722,179.39119096619663,182.75083923339844,1409840
2017-12-19,186.4972216093316,190.07442232662265,183.41311707148105,189.1607818603516,382340
2017-12-20,189.7843818904253,191.3312655826111,188.99159238073065,190.71250915527344,731660
2017-12-21,193.16821310705663,198.09892433473857,192.20140524841503,192.7766571044922,613630
2017-12-22,195.1985024335748,195.1985024335748,187.56072618570244,189.72154235839844,280700
2017-12-26,191.4279557678359,195.24201984644364,190.46114791042257,194.02867126464844,169090
2017-12-27,193.883634802694,193.883634802694,190.9155424501044,191.2684326171875,102890
2017-12-28,191.42795752639577,192.4866133201741,188.9964363327567,191.4811248779297,85410
2017-12-29,192.39476700646364,192.39476700646364,189.28648323080984,191.7905120849609,262360
2018-01-01,190.46113276826148,192.8733134599915,189.01092109743715,191.48594665527344,206490
2018-01-02,192.3947807797899,192.6993276424002,188.9432693399642,191.4424743652344,151460
2018-01-03,191.42794741424203,205.0599435098192,191.42794741424203,204.1027984619141,508780
2018-01-04,205.1566063461921,229.7135326157488,205.1566063461921,222.3561248779297,2230730
2018-01-05,222.133762861789,228.9836028638766,218.11185347989505,221.3796539306641,1077390
2018-01-08,221.39898679660885,224.7828141057273,213.8772232725251,220.5385284423828,733930
2018-01-09,222.3368024631058,225.7399702260365,215.7093387814555,217.3819122314453,547940
2018-01-10,220.4321766105865,220.4321766105865,211.5375478732541,214.48147583007807,321360
2018-01-11,215.1147421624292,215.5981460774009,209.42024463415464,210.8221130371093,2967230
2018-01-12,211.9291055738222,218.5952494856137,211.35869251236588,215.33709716796875,2628990
2018-01-15,216.6616279935025,221.8823840707105,214.87302771117825,218.6774139404297,2359060
2018-01-16,219.46537508502269,223.796669986889,217.52692068566697,222.2884521484375,1013040
2018-01-17,222.36583123513032,231.8405522121344,214.6410303087795,226.3490753173828,505350
2018-01-18,232.03389786255963,236.6697400099939,225.2759052764781,231.66168212890625,1079940
2018-01-19,232.98133074321865,244.1189603106126,227.19982444750084,241.7647857666016,723930
2018-01-22,240.2517540886764,245.1824800936365,237.82507166203547,243.10867309570312,261090
2018-01-23,243.1086580821902,244.6023743688286,231.6229766519561,238.0619201660156,240500
2018-01-24,238.3809737922544,239.28009798862152,226.52307640569967,234.5282440185547,257230
2018-01-25,239.76834687122425,248.95302144895257,235.06482136874288,244.4863739013672,323370
2018-01-29,240.73513902491632,240.73513902491632,228.16663779068367,230.83502197265625,610670
2018-01-30,230.9703904852441,231.10574299474987,212.9394299039521,218.044174194336,1166830
2018-01-31,216.5649530796144,216.5649530796144,203.50820866539004,207.2255859375,891860
2018-02-01,207.21591964625685,210.7447622511266,193.16820334994344,205.55300903320312,1416880
2018-02-02,203.01028393367585,207.375420264292,190.9396887798958,205.3596343994141,249100
2018-02-05,198.1955969136322,207.38027091694687,190.94453848996272,201.6132659912109,541620
2018-02-06,192.2980546633235,204.49433968264373,181.7598561391601,198.7418365478516,478530
2018-02-07,200.2258826996813,213.645163686778,200.2258826996813,211.7888946533203,141500
2018-02-08,213.567850711604,218.50341546639584,212.12247767935443,214.9890594482422,196760
2018-02-09,203.0296415871472,209.7972963067188,201.06218413883005,202.459228515625,351250
2018-02-12,208.54044028938296,208.8256468211716,204.4846892244208,205.6351928710937,81630
2018-02-14,206.8872202462369,211.8276090241884,196.2474949761047,198.64035034179688,512960
2018-02-15,198.82402745304788,200.7093145529333,191.43761610623628,197.8282165527344,251030
2018-02-16,197.0354458407344,202.0338407325893,195.87527935317863,200.0083770751953,145400
2018-02-19,198.19559942184904,202.73959314105744,194.32836821361784,198.007064819336,134600
2018-02-20,195.778603148046,198.1956229399972,194.32839127287528,194.54592895507807,116460
2018-02-21,197.7121986308485,197.7121986308485,191.0412305926414,194.40087890625,90610
2018-02-22,193.3615750606043,194.3138814078705,190.9542181402655,192.2594146728516,233690
2018-02-23,193.3615778257504,195.77859754857224,191.69382831607624,192.83950805664065,121210
2018-02-26,193.4292591195581,206.80019908244657,193.4292591195581,204.03030395507807,375190
2018-02-27,205.9300734785747,209.12536636387887,197.2288027682124,198.3309631347656,213740
2018-02-28,197.25777972101915,203.0296230419689,195.4885198070899,198.4759521484375,250250
2018-03-01,199.16241332985405,202.06283682494904,196.26682859465893,199.79083251953125,65830
2018-03-05,201.53109181258915,201.53109181258915,193.4099118367606,197.2433013916016,161620
2018-03-06,197.22398604311803,200.09540687853365,193.361592944788,193.7386474609375,655390
2018-03-07,195.29517098616265,198.1907555580134,185.63193197419733,189.1801147460937,188150
2018-03-08,191.91134687004924,191.91134687004924,185.14853108018087,188.1939697265625,84450
2018-03-09,188.19399417620767,190.4611599250441,185.1437163738373,185.9413299560547,96580
2018-03-12,188.04412757793324,192.3947629203533,179.24617020677917,182.25778198242188,376130
2018-03-13,179.05280147812567,194.32352889764016,178.8642816284685,191.9065093994141,483590
2018-03-14,190.9445528607743,199.162419692757,188.8079009934392,192.10955810546875,183460
2018-03-15,193.26487232033887,198.2004367355012,192.1337089704624,195.54653930664065,278220
2018-03-16,198.6790050379676,198.6790050379676,187.372180614184,193.6612701416016,583000
2018-03-19,194.3283742596906,194.3283742596906,186.5939116025885,187.74441528320312,101150
2018-03-20,185.1823616194318,188.51786036908203,183.79017076360145,187.2465057373047,139110
2018-03-21,188.83691922612263,190.1614412801029,182.6251757445733,186.5552520751953,334910
2018-03-22,183.79500870929047,185.6271137806389,179.65224813693706,182.20462036132807,156710
2018-03-23,181.08311226780256,184.66029834282853,175.62547785367073,182.2626190185547,165310
2018-03-26,185.40956605639403,185.8107995679184,179.82625672825787,180.9380798339844,409830
2018-03-27,182.0499196071599,193.26005771583385,181.90972833941493,190.75119018554688,222040
2018-03-28,189.49433501691,193.60326830171545,186.78727013763364,192.0853729248047,174970
2018-04-02,195.08730304189567,199.1623941188694,191.1378869393451,198.00222778320312,185800
2018-04-03,196.25715034262345,200.1147188875412,192.53494905586248,195.2951812744141,2333950
2018-04-04,195.7834330733189,198.1956139960908,194.33804527138145,197.77505493164065,641640
2018-04-05,199.16243638356784,207.85404510745235,199.16243638356784,204.6587371826172,926100
2018-04-06,205.34998090051928,206.6938432184021,201.79213510296228,203.53721618652344,281330
2018-04-09,199.6458103979056,207.76699000469048,199.6458103979056,205.05026245117188,277030
2018-04-10,205.3499626061349,217.53174629985293,205.3499626061349,209.17852783203125,3288120
2018-04-11,209.31390554959933,214.3993096761364,203.12634103243192,206.2201232910156,525760
2018-04-12,207.8636941666165,211.73092568599543,204.4847053473008,209.3477478027344,144570
2018-04-13,209.31390223562124,212.6977297544419,208.44860506801683,210.64810180664065,161410
2018-04-16,207.8636759528651,212.69771492851308,206.89202939801865,211.2330017089844,107690
2018-04-17,211.24751694290825,211.4698786195677,208.1633975159568,209.2027130126953,97500
2018-04-18,205.9300749983048,211.4360528639962,205.0696165895783,206.0315856933593,123450
2018-04-19,206.4183225282759,211.24752320060995,206.4134837681017,210.5949249267578,255820
2018-04-20,210.9719718764918,210.9719718764918,205.0599513031946,205.88172912597656,75490
2018-04-23,205.9155643606228,209.70061048909145,203.9964502457068,208.6371307373047,71420
2018-04-24,209.79728531585545,211.619712644747,209.2510365674505,210.6625823974609,603620
2018-04-25,210.66259700975343,212.69772336860896,203.99645286716583,209.2945556640625,205760
2018-04-26,207.37545317736576,211.7309274327397,204.7795763589379,208.5211181640625,81160
2018-04-27,211.15083158972763,211.73092220903544,207.9361983924968,211.62457275390625,98810
2018-04-30,215.5981520467202,215.5981520467202,209.1978887560299,212.1369781494141,67530
2018-05-02,206.73735050478848,212.42700904468552,205.44665561262653,209.35739135742188,86070
2018-05-03,209.8939904425237,211.5327220794626,204.5862100274364,210.1840209960937,87860
2018-05-04,210.1839988161001,212.2143009907418,209.47339453020703,211.14114379882807,99670
2018-05-07,210.7641179525924,212.5913842566758,202.0628470279441,205.944580078125,259160
2018-05-08,206.66483327996795,208.60812643013088,201.21203779197245,204.9632568359375,208960
2018-05-09,203.0296418116586,207.8636809024124,201.09602617535708,205.509506225586,151030
2018-05-10,204.6296916054244,205.12759700283308,201.09601048596448,204.1414489746093,272920
2018-05-11,204.14145415826664,204.963246661373,202.26102072212947,204.36383056640625,28670
2018-05-14,204.9632603978773,204.9632603978773,200.12922123755,203.15533447265625,130850
2018-05-15,201.231385459111,202.47373708784443,197.2433030748842,200.64163208007807,299190
2018-05-16,198.67900467976648,200.3225750040263,191.91135001914185,197.0257568359375,559160
2018-05-17,195.5803805332536,196.43117611104563,191.6696447844737,193.20204162597656,212390
2018-05-18,192.394759987078,194.5507373376915,188.71122448035945,191.8871917724609,171320
2018-05-21,191.42795352679624,191.42795352679624,183.4372872689144,186.6809234619141,206280
2018-05-22,184.66514461890387,187.5607295109734,180.41118107757373,184.4717712402344,279490
2018-05-23,187.5510400829781,187.5510400829781,179.34283700310752,183.6789703369141,165820
2018-05-24,183.77567755712025,186.1008492675573,181.76471544900656,183.587142944336,80440
2018-05-25,183.45178235153315,184.92133435661827,179.49270318067838,181.3779754638672,173910
2018-05-28,181.38282558988567,186.58425666582625,179.66190875664088,185.2597198486328,360900
2018-05-29,183.69348387555388,187.83142012161787,182.7266760656825,186.7776031494141,431590
2018-05-30,185.83979827498555,186.11050328139137,179.66189696394528,182.51397705078125,534780
2018-05-31,182.72669689375533,183.87720067901284,179.83111189387915,181.1314697265625,124940
2018-06-01,185.43375445932983,185.43375445932983,172.58486946417997,175.5964813232422,852180
2018-06-04,177.89265277802625,178.859460673559,172.57520935259612,173.98675537109375,157550
2018-06-05,173.9867225583993,174.02538837590868,157.15942073803234,166.40211486816406,680370
2018-06-06,166.7743705051386,176.44244995471186,163.55005951768578,172.98611450195312,125450
2018-06-07,170.3128572960332,175.25806951076868,170.3128572960332,173.81753540039062,133260
2018-06-08,172.76855544788404,174.0157458039428,170.18718032435348,172.9619140625,47960
2018-06-11,174.00606633190077,174.85202316963125,170.44822065547197,171.63739013671875,253560
2018-06-12,171.1249843949034,174.50881176994386,170.4337203431297,173.59034729003906,138670
2018-06-13,173.15528041497387,175.12272304819462,171.80174066286023,173.9577178955078,824580
2018-06-14,176.07988531075262,176.07988531075262,173.0731122110295,173.9142303466797,94210
2018-06-15,174.02540862145776,174.57165740333463,172.67188356643976,173.78370666503906,320010
2018-06-18,172.1884602994927,174.02538906087594,172.1884602994927,173.638671875,50480
2018-06-19,173.63385187172588,174.33961745072853,172.32383140432316,173.59034729003906,80190
2018-06-20,173.0634355047072,176.52460920988418,171.73407477552112,173.24713134765625,52970
2018-06-21,173.0005892740279,174.02540317680965,170.4433785244757,173.36798095703125,51630
2018-06-22,172.96192051049587,174.02541505900558,167.3109273802,170.01316833496094,239950
2018-06-25,170.15819505296068,174.02542675870978,170.15819505296068,172.6815643310547,38200
2018-06-26,172.1836378261762,172.29965004244903,166.57131082691654,167.57196044921875,223150
2018-06-27,166.96770690083727,168.30190640788308,160.00669357492902,164.00927734375,109720
2018-06-28,164.05762980568986,164.84074181994757,160.0115412304801,160.8961639404297,90700
2018-06-29,161.17653151976342,164.35732262543664,157.2802825936297,160.15170288085938,1280510
2018-07-02,162.42371973204774,162.42371973204774,153.92548517280122,154.7617645263672,455610
2018-07-03,154.69409346951971,156.12496494493448,150.94287432207125,154.72792053222656,185840
2018-07-04,155.65605362781585,161.0605056138407,153.2535356882504,159.8761749267578,250760
2018-07-05,160.26291620370392,163.85944288971345,159.71184335385576,161.9258270263672,93860
2018-07-06,164.3573080692962,164.3573080692962,160.296718702753,163.2406463623047,168360
2018-07-09,166.2909574709964,166.6776747269786,162.71377122004895,163.5065460205078,88560
2018-07-10,162.43339073521483,162.60742382924192,158.55649634874163,159.1994171142578,842910
2018-07-11,158.6193090855389,168.99315166906536,157.6718416616772,164.9954071044922,714160
2018-07-12,165.9670691812027,168.3019184860937,162.40922324350657,166.28611755371094,235870
2018-07-13,166.78402174023847,167.2577629113419,164.0769714834118,164.68605041503906,647090
2018-07-16,161.45689433233895,163.8207463634059,158.52746802853025,161.53424072265625,68540
2018-07-17,158.87553268237238,162.42371565284398,158.07308041214282,159.85684204101562,81510
2018-07-18,159.85684580665745,161.43757133718094,157.58968020874502,159.37828063964844,54180
2018-07-19,158.2181075176626,161.36991072477147,154.9503068351854,158.7305145263672,135980
2018-07-20,157.16912559160346,158.83686033553715,152.755645252882,155.22100830078125,241010
2018-07-23,153.53391018442892,158.59998851860246,153.53391018442892,157.1981201171875,72230
2018-07-24,155.9944679442673,161.2103861898048,155.9944679442673,158.90939331054688,80200
2018-07-25,159.76499632986963,163.37118545979828,156.23615359779174,158.16976928710938,108540
2018-07-26,156.28447547578858,157.85071414844182,154.4958898913793,155.87841796875,102720
2018-07-27,155.94609583945444,159.42177094360702,155.94609583945444,158.00538635253906,230130
2018-07-30,158.90455594466536,159.11241611426485,154.9793180109285,155.3080291748047,68470
2018-07-31,155.65605425556365,157.58966983637808,155.07596368039285,156.62770080566406,71530
2018-08-01,156.9032282146433,159.4072715780312,156.0476086396892,157.17877197265625,56610
2018-08-02,155.85424151380343,160.70278167811534,155.55453347858756,156.92739868164062,81210
2018-08-03,157.11591776978514,166.2909283728164,156.13944728028983,164.28480529785156,110610
2018-08-06,167.5477842663635,177.89262413228897,164.64736104681532,174.1752471923828,225580
2018-08-07,175.95901569312483,176.44241958239166,166.30543943437368,169.3847198486328,183810
2018-08-08,174.47013916384165,174.47013916384165,166.7743427134096,167.42694091796875,255980
2018-08-09,168.77082046282885,173.51785070909966,168.2245716485418,171.76309204101562,115920
2018-08-10,173.47914781303822,175.1807389097447,167.41725903565273,170.33218383789062,1005680
2018-08-13,170.33220729533392,177.31256145427935,165.6818636961707,169.0608673095703,1260090
2018-08-14,170.2548519388859,170.2548519388859,165.80753035496926,168.06503295898438,134130
2018-08-16,167.5429521808287,169.09467453445004,164.4588330074859,165.58999633789062,87720
2018-08-17,168.22455806284256,168.22455806284256,163.39051903804824,165.26612854003906,75540
2018-08-20,166.29095177994105,166.4794863935945,159.6828135713872,162.62191772460938,101220
2018-08-21,165.32413362052492,165.32413362052492,160.07437435333586,162.88294982910156,84700
2018-08-23,160.00669687459623,165.38698484286496,159.16074001800848,160.8719940185547,74360
2018-08-24,160.87200204882174,162.99897644395142,158.5178272107746,159.71665954589844,74520
2018-08-27,162.4237045534676,162.4237045534676,156.62285796227232,156.99024963378906,199010
2018-08-28,157.10627685895307,163.7820839354512,155.85426245364746,163.05213928222656,236530
2018-08-29,163.39054691545687,163.39538567604848,154.68927518623136,159.4459686279297,294240
2018-08-30,159.44594219731863,161.4569042116701,155.84941596523262,158.22293090820312,238240
2018-08-31,157.81205473068192,158.44048873835462,155.47238130372662,158.0537567138672,173580
2018-09-03,158.36311930290904,158.36311930290904,153.87713173747454,155.9219207763672,230670
2018-09-04,154.67958495091736,156.13462065569038,152.79429794250044,154.82460021972656,108430
2018-09-05,152.85714823240957,156.11530065963032,145.98798271289206,152.6202850341797,332630
2018-09-06,151.78883979554806,155.13882561735852,145.99765518295996,147.11915588378906,164730
2018-09-07,150.3192850343856,150.8220292625764,146.6115850763117,148.65155029296875,340110
2018-09-10,148.89324542042982,151.30542624915583,145.79462453750935,147.53488159179688,257280
2018-09-11,147.5348718278973,149.85520457850916,147.43818514982354,148.81105041503906,77170
2018-09-12,149.6328530242383,149.6328530242383,145.98798334904714,148.0037841796875,101920
2018-09-14,147.92160924705198,147.92160924705198,145.98799343990098,146.88229370117188,111220
2018-09-17,149.37180959073373,151.3054252488662,146.66474471888492,150.314453125,109850
2018-09-18,147.4382062893937,151.59548325326313,147.4382062893937,148.87391662597656,105540
2018-09-19,149.3714944696995,151.23016073807958,148.30312536895545,150.9374542236328,107340
2018-09-21,151.23018450060354,152.20586311028484,145.37611284251565,147.79579162597656,604080
2018-09-24,145.47368174217175,151.23017938967712,139.69278319764453,145.4395294189453,237300
2018-09-25,145.37608720051884,146.3517656381062,141.42946970699847,141.79534912109375,145080
2018-09-26,143.327162906097,143.9125759497751,134.64363038012854,136.2583770751953,242180
2018-09-27,136.32668590198386,136.80475884425442,129.28715413061988,130.26283264160156,867860
2018-09-28,130.25308006676022,131.70196323829063,122.44765204777832,123.5208969116211,380600
2018-10-01,122.4476500689604,125.2137051290621,118.24247817371928,123.78433227539062,751870
2018-10-03,123.91116648284586,128.94078783686413,121.73052449293613,122.51107025146484,1382190
2018-10-04,121.95981371508933,125.79910626881272,112.98357440319324,122.30618286132812,1129080
2018-10-05,120.00845776487628,125.0819830830926,117.3399764215081,124.0624008178711,249850
2018-10-08,122.9354771007663,124.88683388014356,117.81316555490103,119.2425308227539,856490
2018-10-09,120.19871395645823,121.37440834962958,113.23724569089586,116.59358215332033,586310
2018-10-10,117.17897887612004,120.94997395346375,114.74466593817328,119.10106658935548,550620
2018-10-11,117.0814282612954,119.10595831411226,114.35928416095986,117.16436004638672,308340
2018-10-12,118.10588087059956,127.23334871931392,118.10588087059956,121.96468353271484,1162670
2018-10-15,120.21822729996668,126.64307701329696,120.21822729996668,125.48690032958984,118740
2018-10-16,127.9943735417376,135.81443562892292,127.9943735417376,134.55093383789062,302020
2018-10-17,136.49741459297996,139.52202386255175,130.2140576323671,133.1898651123047,814840
2018-10-19,133.18987737571757,136.59500097384228,127.25288156334456,128.7212677001953,171190
2018-10-22,128.72125384428884,129.75548553169483,126.43330152091812,128.7066192626953,658820
2018-10-23,128.69197937638378,128.69197937638378,117.4716848390845,122.0037078857422,225610
2018-10-24,121.4914731849251,123.46234775541352,119.22789955569736,121.7841796875,186040
2018-10-25,119.51573920124648,120.58898405048171,117.17898505132014,119.92064666748048,330540
2018-10-26,118.34980794068392,127.05285858838651,117.18874811507716,119.95479583740234,222800
2018-10-29,119.00350441376608,120.98413052079434,116.32038861592586,118.73519134521484,171100
2018-10-30,118.94008198535674,119.51085299364416,116.8862829867972,117.94001007080078,277750
2018-10-31,117.38387217731004,118.1302655975782,115.76912553027456,118.03758239746094,160400
2018-11-01,120.3938373382745,120.3938373382745,117.08141232325026,118.05709075927734,1612850
2018-11-02,118.54494144848675,129.2774052833292,113.56898243200892,119.70600128173828,921190
2018-11-05,120.00846124547844,124.87709510929312,119.52062197212284,122.6574249267578,540430
2018-11-06,121.0865896806548,123.42333653179878,114.6422295848724,120.7255859375,381890
2018-11-07,121.9549301891629,124.39412630719524,119.32547707167744,121.10121154785156,71180
2018-11-09,122.07201763624025,123.91117375618698,118.15466891969132,123.23795318603516,182910
2018-11-12,125.85277252167838,125.85277252167838,122.44764926618817,123.55016326904295,105490
2018-11-13,122.94525549377684,124.39901444100929,120.2182283042052,123.38430786132812,112960
2018-11-14,124.40876085491897,125.16978140869072,120.69630406651928,122.5500946044922,106700
2018-11-15,123.38430926165223,125.3649429825635,119.33036605369676,124.0136260986328,252300
2018-11-16,125.857645322633,125.86252847926497,122.38423219003904,125.75520324707033,87050
2018-11-19,126.25279419892672,126.82357268219272,123.91117171219062,125.83325958251952,82410
2018-11-20,125.86251585010116,126.54548776477677,122.83791424479608,125.88690185546876,125570
2018-11-21,126.54549548653593,126.54549548653593,123.53065256571465,125.1649169921875,50770
2018-11-22,125.17466671422729,125.86252181765836,124.20387140689802,124.7795181274414,135330
2018-11-26,124.8917265103291,125.2283367713203,123.9111648902528,124.7795181274414,58420
2018-11-27,124.0087356650646,129.08226832334057,124.0087356650646,128.18951416015625,153100
2018-11-28,127.61875875609782,130.24820473639778,122.96965100844838,125.45275115966795,939710
2018-11-29,125.4527480860299,125.85764812834768,123.18429102098511,125.40396118164062,251340
2018-11-30,125.39905978822932,128.30170896902266,124.10628889212124,125.99910736083984,117890
2018-12-03,125.9649807736442,127.81389587875968,125.56983213388789,126.85285186767578,459280
2018-12-04,127.81387694864264,129.66766004855427,125.37468082366853,129.3847198486328,260280
2018-12-05,130.7409157324434,130.83848953507376,127.32604106779004,127.74070739746094,107730
2018-12-06,127.277252654576,129.17982268189112,125.97959851090162,128.56027221679688,187090
2018-12-07,130.7409259519197,130.7409259519197,127.3211678635249,128.7602996826172,1121160
2018-12-10,128.78956548671556,128.78956548671556,125.18930934221837,126.7064971923828,37680
2018-12-11,124.01362070382008,128.30172449433124,123.13062539649286,125.6771469116211,222320
2018-12-12,125.18930525679332,128.30172203651273,124.88684730550288,126.6674575805664,91520
2018-12-13,127.64313526651787,128.30172122371778,125.99423623910565,127.80413055419922,292870
2018-12-14,126.6479385710544,128.08707029117684,125.00880586270318,125.87715911865234,381890
2018-12-17,125.87716074555682,126.78454948972129,122.15982805251984,123.12574768066406,63640
2018-12-18,123.0330611964296,123.91117336256944,118.64739096627432,119.54501342773438,107960
2018-12-19,119.54501023656846,123.41845508992684,115.9593887554782,116.44235229492188,366010
2018-12-20,116.29111883333358,118.00830757524244,114.34951332494964,115.04225158691406,111430
2018-12-21,115.13005697157796,116.59357464494548,113.08113371763062,114.17877197265624,99510
2018-12-24,113.86167935390964,114.8373578657472,109.27599332580758,111.4468765258789,143460
2018-12-26,110.20288130394688,111.2273466851604,107.3343916354539,107.54415893554688,573160
2018-12-27,111.1249071205003,111.1249071205003,106.35383952306282,108.24665832519533,329810
2018-12-28,108.24665044435174,110.04677846054184,107.81247381137162,108.49057006835938,93070
2018-12-31,108.30518483019658,114.59343221049193,107.41732130191842,113.6811752319336,359450
2019-01-01,114.4909880091008,116.00816828471544,112.69086009194304,114.42756652832033,112410
2019-01-02,114.33487071416629,119.91087663082618,113.18356990650535,117.94488525390624,564120
2019-01-03,117.08142929327262,117.5692685819946,114.7397992186398,115.30569458007812,97470
2019-01-04,116.110620163914,117.0862986887129,113.27627524038697,115.45204162597656,53930
2019-01-07,115.42277276135702,115.91061202502492,111.95423529892489,112.3932876586914,74560
2019-01-08,111.91520103927176,112.69573935142095,111.0370889247474,112.05667114257812,60350
2019-01-09,112.00788714262056,112.00788714262056,108.11004912103203,109.04669952392578,120360
2019-01-10,108.94913134795078,108.94913134795078,106.54408017880128,107.13436889648438,404720
2019-01-11,106.83679433370486,121.95981088322472,101.95840189837588,109.46624755859376,1429230
2019-01-14,110.60779060002652,110.7395092812431,107.32463454569816,108.16859436035156,75170
2019-01-15,108.10517717229446,109.47112107167212,106.685563215617,108.20274353027344,87280
2019-01-16,107.13437566495745,114.65198013081245,107.12461679589512,112.77379608154295,278630
2019-01-17,112.20302528835371,112.69086452873783,109.27598984604884,112.20790100097656,311620
2019-01-18,111.41273187110068,116.88628892893968,111.12978420884278,116.0276870727539,232460
2019-01-21,116.59358629541188,116.59846200836272,111.2761411950386,111.8078842163086,74850
2019-01-22,111.81276167236948,111.81276167236948,107.12950904291708,107.85150909423828,122260
2019-01-23,107.99785029655504,112.18351175132337,107.99785029655504,110.2321548461914,168810
2019-01-24,110.27117847642948,111.26637469405529,108.30031122315188,109.79798126220705,66010
2019-01-25,109.80286167769238,111.80788133666856,107.5978261353338,108.4613037109375,79270
2019-01-28,108.02713255839662,108.02713255839662,105.3732856546002,105.83185577392578,115240
2019-01-29,105.83185183377412,107.11487148873653,105.3684060186296,106.27578735351562,229910
2019-01-30,106.27578616495376,108.98328811298391,105.67086280051626,108.3783721923828,61440
2019-01-31,108.21250555889658,110.06628874613332,106.30505231279292,108.32958221435548,96920
2019-02-01,108.48081619821508,110.83708076797218,107.32463950916676,110.60779571533205,73070
2019-02-04,109.53942512828527,110.7395129937256,108.21250917774726,110.46144104003906,49230
2019-02-05,110.58828060626205,111.90056937779116,109.61747782044922,110.73950958251952,53260
2019-02-06,111.06636663837574,111.06636663837574,105.50987760426582,106.6611785888672,163140
2019-02-07,104.98300977884048,108.97841460499237,104.98300977884048,107.4709930419922,31970
2019-02-08,106.68557908848688,107.47587638268524,105.37329016349244,106.26603698730467,113920
2019-02-11,106.1391818777848,107.00265193119084,104.89030723106592,105.90989685058594,323870
2019-02-12,106.44164082949304,107.22706227311912,105.37327174440412,106.46115112304688,55760
2019-02-14,104.08051554194547,109.27600100505278,103.03165660171096,104.1341781616211,127690
2019-02-15,102.44623966005304,113.1787028625348,97.88982297788372,111.89568328857422,1083490
2019-02-18,111.7151815843476,112.90551047433866,106.40748847901142,109.51990509033205,194380
2019-02-19,109.26624458242875,109.26624458242875,105.59281524044007,107.56369018554688,106660
2019-02-20,107.55879386236909,111.1297806825504,105.37327614511489,106.01234436035156,137200
2019-02-21,105.08057332921052,112.18351918754004,105.08057332921052,111.68103790283205,232380
2019-02-22,112.18838380399296,115.61789285737795,110.00286622581524,113.08600616455078,193990
2019-02-25,113.17870495724576,116.105740430278,113.17870495724576,114.60807037353516,152470
2019-02-26,116.10573962346326,116.10573962346326,111.54443973214993,113.0079574584961,74390
2019-02-27,113.2811521817688,116.10573808079955,111.2371045934502,112.78355407714844,269800
2019-02-28,113.12503881741114,117.46680498958122,112.5201154920534,116.97896575927734,217700
2019-03-01,118.56931313357188,134.13138730351116,118.54491968602171,128.87734985351562,479190
2019-03-05,125.86252079586792,136.98524923671314,125.86252079586792,135.97543334960938,535060
2019-03-06,135.42416336898287,137.08281365272728,134.4484849799955,135.91200256347656,251030
2019-03-07,135.61931027701291,138.23900464386148,133.77039536763778,136.5657196044922,214130
2019-03-08,139.52203699189005,139.52203699189005,134.6485272470331,135.6290740966797,139930
2019-03-11,135.62905558832247,138.64878157347837,135.13146493980267,136.4681396484375,514600
2019-03-12,134.84852346612055,136.59986447580434,133.66794600556892,134.2289581298828,123330
2019-03-13,137.3755501004149,137.3755501004149,133.8631011791353,136.08277893066406,59700
2019-03-14,138.5463367065493,138.5463367065493,133.31181658339162,133.92161560058594,101250
2019-03-15,135.65833051791236,135.80957438031894,130.1896567573116,133.5118408203125,194730
2019-03-18,134.52656046944614,137.27309791319902,130.3506575524017,136.0242156982422,299970
2019-03-19,137.18039506803356,137.18039506803356,133.67769814233958,134.22409057617188,127110
2019-03-20,135.13147451199333,140.55136152413516,135.13147451199333,137.17063903808594,1456780
2019-03-22,139.5220158158252,139.5220158158252,135.50709370743746,136.49253845214844,86460
2019-03-25,136.59499854731862,140.97580064600575,134.83877415988985,138.71221923828125,426460
2019-03-26,140.23426760743922,140.23426760743922,135.60956101352792,138.47317504882812,134940
2019-03-27,138.54634713095066,140.40013032763383,136.5949901291063,139.9269256591797,145880
2019-03-28,139.46837382425528,143.424743094836,139.4634906675777,141.3416748046875,216490
2019-04-01,139.73666539196432,148.05920117647153,139.22444017327567,145.6736602783203,734670
2019-04-02,146.35178334319713,147.32746189881846,143.4247476763332,143.86380004882812,152180
2019-04-03,144.6882487400328,146.89327690277406,142.4490682550108,143.39059448242188,129350
2019-04-04,144.29799193961995,145.80053044578935,136.94625005321382,140.7318878173828,131740
2019-04-05,138.853681677941,147.3274466759157,138.853681677941,146.27371215820312,342210
2019-04-08,143.91257538276218,146.35177157569038,143.42473614417656,143.98574829101562,73540
2019-04-09,146.8688871678756,146.8688871678756,139.66837488977922,146.16151428222656,104160
2019-04-10,145.3663426105758,147.3274510027726,143.42473706892432,144.7809295654297,408420
2019-04-11,145.47365677973366,146.3176090756573,140.74161053962416,142.4832000732422,115100
2019-04-12,142.4490341668681,143.07346769373663,140.51719526931697,142.14169311523438,86570
2019-04-15,142.15636681223145,147.32746628863896,142.15636681223145,146.22982788085938,1845580
2019-04-16,147.3274545031468,153.18640869959538,146.85424983191788,152.4644012451172,388550
2019-04-18,152.69368539037052,154.4499096695195,149.76664988767973,151.99119567871094,349830
2019-04-22,149.8642186954534,153.1522503697779,148.78608326878972,152.20584106445312,298370
2019-04-23,152.20585401378398,157.4745122361149,150.47403054017076,155.28411865234375,897750
2019-04-24,156.5280869193478,157.279363495989,152.20583852276454,155.12799072265625,369030
2019-04-25,155.128018135165,156.5964192290634,151.2399382211047,152.43026733398438,102470
2019-04-26,154.24990987561588,154.74750060340037,149.32761311181056,150.8594207763672,289480
2019-04-30,150.84477246674894,155.81585568587852,149.11783221634136,155.0255584716797,885650
2019-05-02,156.10858575601986,156.10858575601986,149.76667445968155,150.28378295898438,824500
2019-05-03,150.76182531169636,154.1571818574779,150.25446839273164,151.40576171875,142440
2019-05-06,148.8007345760251,150.10327202827358,147.81530457177575,149.6154327392578,309920
2019-05-07,148.6836578112678,149.8642354404727,144.3321248055814,147.52748107910156,222560
2019-05-08,146.35665283510374,149.55199385135384,146.25419587720486,148.99586486816406,189460
2019-05-09,148.30313936408652,148.30313936408652,143.22961388969188,145.1614532470703,139260
2019-05-10,144.8492381198885,145.5663624201202,138.673191366146,141.36117553710938,468610
2019-05-13,141.36605498033245,148.59583612130098,140.66356528069417,143.65402221679688,449540
2019-05-14,144.40040117004443,144.40040117004443,140.98552681805015,142.35635375976562,63300
2019-05-15,143.78573232676277,143.78573232676277,139.16102587597302,139.96595764160156,38010
2019-05-16,142.76128632839874,143.1320340375403,136.2095938375152,140.72210693359375,398790
2019-05-17,141.37580710398498,141.97585473429453,140.05865007641083,140.59039306640625,314190
2019-05-20,155.13288808701444,157.85990782378428,146.5469139449155,156.1036834716797,1241910
2019-05-21,156.10856968587984,158.55264924407987,148.8153664907983,152.69857788085938,180510
2019-05-22,155.5231434217182,157.08423494142227,151.03989962476754,156.21099853515625,106320
2019-05-23,160.69425101597392,160.9869575526952,156.11344805629167,157.08912658691406,225890
2019-05-24,158.25506305573887,164.6896644963794,156.46470119449424,159.8942108154297,396830
2019-05-27,161.9626114103481,162.95780752852573,158.84044356551408,160.88449096679688,140570
2019-05-28,162.81148170591769,162.81148170591769,159.05999633274374,159.23562622070312,65630
2019-05-29,161.19186317650744,161.19186317650744,157.4745153174037,159.43075561523438,47540
2019-05-30,160.17714472993805,160.17714472993805,157.2891445777329,158.6746063232422,74500
2019-05-31,157.28913411427294,160.9869489982634,154.63528746098476,158.14285278320312,141930
2019-06-03,158.14772183156222,158.1574881445083,152.7229518448465,153.63034057617188,387520
2019-06-04,153.083941915376,155.03043053485968,152.40096998207977,152.88880920410156,117070
2019-06-06,153.14250883518127,154.85969769083886,150.869176070557,153.70838928222656,212250
2019-06-07,153.47422904052775,156.01098417508132,152.00582815298372,155.0694580078125,72470
2019-06-10,156.88422678607745,158.05992119631148,152.42050050760506,154.20111083984375,92770
2019-06-11,153.83523037589504,158.54775941138175,152.5229415762147,155.49876403808594,332230
2019-06-12,156.1085652287121,156.59640449505184,154.18159417160103,154.83531188964844,1157950
2019-06-13,154.16209619575164,155.96222433649166,150.18619413919882,155.10362243652344,139310
2019-06-14,153.3913091305413,154.54261763217525,151.23018458197612,151.64971923828125,85080
2019-06-17,150.36180572804057,151.23015894843115,147.3274451691168,148.8641357421875,166670
2019-06-18,148.7909815314739,152.08877985340732,148.7226768856713,151.722900390625,130970
2019-06-19,152.20585192654283,153.3669117687794,146.35178069859887,147.91287231445312,267180
2019-06-20,148.10311000373537,152.20583971329708,147.91286044568307,150.77159118652344,306200
2019-06-21,153.6986396242252,153.6986396242252,148.42021513573616,149.19100952148438,89080
2019-06-24,151.13260621867457,151.13260621867457,147.32746570842704,147.68359375,82290
2019-06-25,148.84950981043542,150.73257705996593,147.6201602580776,150.2203369140625,108270
2019-06-26,150.03984473686242,150.03984473686242,146.15664831500283,148.55194091796875,3274090
2019-06-27,148.5616988752496,149.47395596851263,146.64449403230574,147.3567352294922,611660
2019-06-28,148.23483330064883,148.55194073599745,145.21023876201673,146.4639892578125,161810
2019-07-01,147.2493977562587,153.0741996050408,146.45421739498804,152.15219116210938,331200
2019-07-02,152.93760049940428,158.52823397590612,152.90833133625546,157.83062744140625,365110
2019-07-03,158.53800287845655,160.97719909851463,157.96234125589194,160.05517578125,284070
2019-07-04,160.01127819583473,163.7090932572234,160.01127819583473,161.7577362060547,245370
2019-07-05,162.72854365441594,164.30425491793196,156.30369412374077,157.12326049804688,275840
2019-07-08,153.2839659253794,160.69424529253897,152.63026311966604,157.46963500976562,115610
2019-07-09,158.5477508576176,159.1282807363869,153.181519290129,155.90853881835938,526760
2019-07-10,153.28396597647648,157.01106497803164,153.19127532832397,155.05482482910156,349770
2019-07-11,155.11335265747675,156.2207572038122,153.18151353431804,153.7181396484375,64090
2019-07-12,153.18152362873823,154.5816198862472,152.20584513428767,152.9668731689453,68200
2019-07-15,152.20584202383222,153.84497471492938,150.2788710816027,150.90818786621094,110590
2019-07-16,150.97648186725888,154.13767037382013,150.6496230507532,152.6302490234375,88880
2019-07-17,151.70825793330044,153.27910094081918,149.1178326622699,152.28878784179688,478060
2019-07-18,152.10826860025622,152.10826860025622,147.53234904904076,148.49339294433594,61670
2019-07-19,147.815282721837,148.7324228316435,138.93660301912016,146.307861328125,218320
2019-07-22,145.0297379950707,148.18605860758996,142.14660617755416,145.68832397460938,491010
2019-07-23,145.6883058628263,147.81527762916392,144.2296565309223,145.39559936523438,56760
2019-07-24,145.87369249723204,148.49827014001002,142.34174096243385,146.62985229492188,213580
2019-07-25,149.26905003942167,149.26905003942167,142.32709257255092,143.078369140625,107730
2019-07-26,141.32215776079047,143.92721764737755,140.8879736691895,141.6538848876953,72080
2019-07-29,141.6050968271583,141.6050968271583,134.64363593735092,136.52182006835938,539860
2019-07-30,136.59498797874207,136.59498797874207,127.08212274450824,132.22882080078125,439750
2019-07-31,131.71661275680398,137.30237877137515,128.38954511338662,135.9022674560547,223190
2019-08-01,140.302570114388,140.302570114388,131.8336730630078,135.11683654785156,95900
2019-08-02,139.0341934411896,139.0341934411896,129.76524721177694,131.17510986328125,882360
2019-08-05,129.7652337432128,132.69226909080407,126.20401335871207,131.96051025390625,344120
2019-08-06,130.4238109690417,133.02398731203212,128.49684020542114,131.73121643066406,195380
2019-08-07,131.9312456458821,132.21906901181066,128.03341487083645,128.8578643798828,117710
2019-08-08,128.19439911427884,130.27259910918758,127.13091310909005,129.45790100097656,40590
2019-08-09,132.59471967632135,133.15574679792553,128.5944462315257,129.29693603515625,96850
2019-08-13,132.10686750562553,132.10686750562553,123.45260367591158,126.1308364868164,304480
2019-08-14,126.05765850419324,128.6871191927934,120.11578004609125,124.49657440185548,487920
2019-08-16,123.42821470104376,131.7068553989883,122.86720250136035,129.2188720703125,124860
2019-08-19,129.17982878219982,131.3312016834915,125.35517080912769,126.72599792480467,152580
2019-08-20,125.31615387365292,128.12122967199008,124.25754355258434,125.56495666503906,107850
2019-08-21,123.03305162671523,126.8381990881262,123.03305162671523,126.3210906982422,73000
2019-08-22,126.15523062445344,126.83820258390932,121.95981017683587,124.5941390991211,80310
2019-08-23,122.08664170793108,128.59442262350603,116.10573549218992,126.96990966796876,321710
2019-08-26,127.42362127816465,131.51658494760375,122.85256232823411,124.13558197021484,177050
2019-08-27,124.39902078365402,129.47254649690356,124.39902078365402,127.1748275756836,264080
2019-08-28,127.17480523160458,128.97981626914722,123.42332050431352,124.4331512451172,145160
2019-08-29,124.8868493682071,126.25279332810284,121.96468954891212,123.35015869140624,244310
2019-08-30,123.36479294542325,130.5457873605014,123.36479294542325,129.30178833007812,976320
2019-09-03,131.61902944717622,131.61902944717622,124.88685345802384,125.07711791992188,65370
2019-09-04,125.29663595549503,126.9309004827717,124.4673106876768,126.04791259765624,73750
2019-09-05,125.94057437034044,126.8381967454027,123.9111614358934,124.25264739990234,247670
2019-09-06,126.8284513015877,126.8284513015877,123.91116727930816,125.47712707519533,305040
2019-09-09,126.2674264880598,126.5454984335156,125.07222925853112,125.69666290283205,51850
2019-09-11,126.40402381962996,128.20415188441737,124.57950974685237,126.8723602294922,260440
2019-09-12,126.45768668014868,128.24318006095135,124.98441755481116,125.41858673095705,89550
2019-09-13,126.062541409744,126.83820402475936,124.9844208440818,126.5894012451172,61200
2019-09-16,124.98441885201386,128.24318139197644,124.98441885201386,126.5308609008789,93870
2019-09-17,128.7749362921428,128.7749362921428,124.4038930356376,125.04296875,124030
2019-09-18,125.7942142909593,126.74062357003578,124.99904886694242,125.9356918334961,102600
2019-09-19,126.35492646859832,127.2475966384953,125.26990551854146,125.88146209716795,60980
2019-09-20,126.60151436629162,137.10642508830017,126.4042268937731,129.1512908935547,394010
2019-09-23,131.11911202852437,154.86121810513626,131.11911202852437,138.68955993652344,400040
2019-09-24,142.33422735190703,143.02468835446854,137.74756452240078,139.81402587890625,157710
2019-09-25,142.02845750333222,142.02845750333222,136.3222618269974,137.24452209472656,128310
2019-09-26,142.00872461598175,142.00872461598175,133.21024192647366,133.9056396484375,806540
2019-09-27,134.98078179739957,136.88448246542805,133.9894679490154,136.2088165283203,71900
2019-09-30,137.293835590444,139.3652185397955,133.16091299382177,134.37908935546875,585630
2019-10-01,134.1078603820576,135.7205818017442,133.1609315795305,134.21142578125,169960
2019-10-03,140.24309893853405,140.24309893853405,130.30043030035975,131.11911010742188,397980
2019-10-04,132.2584010159018,132.66774095480625,128.4854959703152,130.4040069580078,137930
2019-10-07,132.766377068048,132.766377068048,128.243830986106,129.7184600830078,93060
2019-10-09,131.0944715426364,137.97445910928525,128.22904674069696,135.08436584472656,225390
2019-10-10,134.78843375158831,135.2816223347276,132.20413039223342,134.3396453857422,185160
2019-10-11,135.12874525230183,135.61207551850137,132.6726755559326,133.0178985595703,74670
2019-10-14,134.99556624823444,137.77222010526398,132.66771576365326,133.3631134033203,364230
2019-10-15,135.36546935840883,137.5996130106306,133.75274812962653,137.29383850097656,186040
2019-10-16,139.06932862094598,139.7696480133664,135.6318034330441,138.72409057617188,103330
2019-10-17,138.98054571665187,139.9620012953409,136.61324638450935,138.9065704345703,1758010
2019-10-18,138.77834480177737,139.76964363474545,136.71680505335306,137.328369140625,86890
2019-10-22,138.48735073556202,138.5810577721985,136.5145963658194,136.77598571777344,354910
2019-10-23,136.12004077215755,141.05192630738065,134.7588355481415,139.40467834472656,180500
2019-10-24,137.1113659230035,141.26400545865596,137.1113659230035,137.31849670410156,78050
2019-10-25,135.62686275850515,138.0928057177507,135.62686275850515,136.91407775878906,93310
2019-10-27,140.5341035741006,140.5341035741006,138.34434489279022,139.91761779785156,37030
2019-10-29,141.2886595212731,141.2886595212731,138.58598088148102,140.45516967773438,99010
2019-10-30,142.03831119914966,147.9565741657809,136.81050923510787,145.3525390625,148250
2019-10-31,146.5164630338755,149.92933477685958,141.8410447267133,143.315673828125,330960
2019-11-01,147.66067432487677,147.9565905160935,143.5474829146401,146.09727478027344,82200
2019-11-04,144.5535974380279,149.65316631217607,144.5535974380279,148.5040283203125,164140
2019-11-05,150.32387176868167,150.32387176868167,146.72853789050816,147.69024658203125,1126760
2019-11-06,147.95658225116603,149.11557848898454,143.71515721644826,145.00730895996094,80930
2019-11-07,144.65221271878713,146.48195329129223,142.31450353295597,143.4340362548828,174390
2019-11-08,144.94319572488016,146.57564868371253,140.7017710225535,141.89527893066406,102720
2019-11-11,143.02467268143994,143.02467268143994,140.1592485466198,140.4304962158203,638920
2019-11-13,141.0519381162091,152.39527579688323,139.59210408982383,147.8431396484375,848150
2019-11-14,148.94293482593065,150.91568892958534,144.99742661862123,147.2759552001953,261150
2019-11-15,147.27597992480162,149.92933704780836,146.95047363694246,149.0366668701172,121230
2019-11-18,149.91948167767418,151.57658821147675,147.22173933230354,150.24005126953125,578870
2019-11-19,149.17968541329108,151.4680725721885,148.45469760683548,150.49649047851562,113220
2019-11-20,150.42252155718194,152.88846453352917,148.94789247362115,152.148681640625,189060
2019-11-21,150.42252906447834,154.8513682893645,150.42252906447834,153.0364227294922,171380
2019-11-22,154.9598601886561,155.35440503822596,152.2966297758352,153.40138244628906,142780
2019-11-25,154.88094367150947,154.95985564929606,151.11297574953403,153.44082641601562,243940
2019-11-26,153.61838333873175,154.84148137675555,152.9032538819162,153.90936279296875,82310
2019-11-27,154.8513590117078,156.8241133730477,154.17075634889812,155.92156982421875,128990
2019-11-28,156.5380458837465,157.32715058967815,153.10545772150212,154.16087341308594,377300
2019-11-29,154.08690282386104,155.11766513915825,153.01175534293907,154.46173095703125,107710
2019-12-02,154.53076774188295,160.68082980092254,153.1054606035872,159.12728881835938,116300
2019-12-03,159.8917510590427,161.47488225988067,150.42746056659095,153.42604064941406,224250
2019-12-04,152.39527681815477,156.1336397694762,151.03900817333303,155.1472625732422,109290
2019-12-05,156.13363430214636,156.92767574378902,154.3926792137932,155.6749725341797,104430
2019-12-06,156.03501743250908,157.81049946819354,153.48030400248314,154.40748596191406,375010
2019-12-09,154.90067860795344,161.1691169448656,153.46551293650083,157.99298095703125,127540
2019-12-10,159.79310031298832,159.79310031298832,157.22851367031268,157.5885467529297,481160
2019-12-11,158.13600289023316,159.79310939282738,156.51832980305036,157.84994506835938,119750
2019-12-12,159.78816177254183,164.3550927983264,157.13974153004548,159.86215209960938,336680
2019-12-13,160.06433559497736,163.0431986086701,160.06433559497736,161.59815979003906,86570
2019-12-16,161.59816458792653,167.58546585066009,161.59816458792653,163.1960906982422,273260
2019-12-17,163.245412045547,164.08383861116417,160.1087400536453,161.55870056152344,215100
2019-12-18,162.55495350495497,164.50797600173877,159.11249191413117,160.44410705566406,152180
2019-12-19,161.38116507009804,161.5439106763906,155.8475886923395,157.34194946289062,130230
2019-12-20,157.32716976599858,162.94951702331377,156.73533740168233,161.03102111816406,361230
2019-12-23,162.85088769287384,168.09840676220125,162.26891368490115,167.04791259765625,885310
2019-12-24,167.0479148049993,169.5927699137564,165.71137784674366,166.20950317382812,207220
2019-12-26,166.69773016344132,170.15005001889722,166.69773016344132,169.16860961914062,541660
2019-12-27,170.1402081439565,176.45301618494796,169.1636893005081,175.37786865234375,492250
2019-12-30,175.77241585892935,181.98165859143305,174.09064090931795,181.30105590820312,486130
2019-12-31,181.3010543478621,186.7113339016364,181.00021652576305,185.2120513916016,579600
2020-01-01,186.63242321943383,191.25851931214004,184.6497955573536,186.7014617919922,700010
2020-01-02,188.20078846533684,189.26114103358145,185.54743116791056,187.60403442382807,1232910
2020-01-03,188.3980463508475,188.3980463508475,180.04836691406385,182.60801696777344,359500
2020-01-06,182.6080035184532,182.6080035184532,172.63573009797076,175.1361846923828,328100
2020-01-07,177.7550182389601,182.48961612974577,176.8228846842504,181.739974975586,275120
2020-01-08,177.54789053174028,182.4797763798442,177.1089454668169,180.7536163330078,163820
2020-01-09,185.09368814855875,186.81492671425343,183.002573158629,185.44386291503903,415980
2020-01-10,183.95934506639747,187.4116652150966,183.95934506639747,187.01712036132807,151510
2020-01-13,187.18479668491725,189.8825388025111,186.80503184812696,187.3426055908203,182030
2020-01-14,188.6544898957557,194.8834640591496,185.54740786718872,193.1474456787109,625390
2020-01-15,193.52718640559368,194.97716196461727,189.5915513604612,190.8343811035156,200610
2020-01-16,192.3435464338408,194.31630075623912,189.8480134200805,191.159896850586,119470
2020-01-17,192.8318111983244,193.0340203359933,188.6890298546307,191.9342193603516,152360
2020-01-20,191.8503593596428,191.8503593596428,189.78389798663105,191.69253540039065,130650
2020-01-21,189.6803314030753,199.4553326979461,189.6803314030753,196.76251220703125,526250
2020-01-22,199.2432412812296,199.35174336632653,195.81558982420097,196.84141540527344,129530
2020-01-23,196.29892514635267,199.2481984526721,196.289066792484,198.1631774902344,225500
2020-01-24,198.9128292353873,204.4612009706364,197.67492103638355,200.87078857421875,887370
2020-01-27,216.0166017304207,218.8770895229208,202.700509842929,204.1208953857422,2250290
2020-01-28,204.1208769324243,207.62251860386849,200.2345487988221,201.3442230224609,445820
2020-01-29,204.58448678129267,204.969173264912,201.7634475511109,203.0210723876953,295870
2020-01-30,204.7324435066528,204.7324435066528,197.28529284443167,198.59225463867188,224200
2020-01-31,199.24819287388007,200.1112729172694,192.3484892290225,194.0450592041016,397250
2020-02-03,196.15096638590504,196.2792002354489,187.2341233116084,189.5570373535156,395310
2020-02-04,190.07489799055628,197.8623507953743,190.07489799055628,194.85389709472656,392630
2020-02-05,194.31630893058065,198.75500634270048,194.31630893058065,196.0769958496093,362420
2020-02-06,197.2655740906427,199.6427316128921,196.7822438628235,197.85739135742188,363250
2020-02-07,198.26180348738143,202.7005005803825,197.911643819858,200.0323486328125,308410
2020-02-10,201.4675339681178,210.0983340769111,199.74137394635915,204.63873291015625,350220
2020-02-11,207.13921228759108,208.52013434913968,200.0372994479152,201.47740173339844,174700
2020-02-12,201.2209413419512,203.18383731553027,198.4590822741324,199.15447998046875,341540
2020-02-13,198.96215387857188,203.3909779239364,197.8672745721855,199.34190368652344,175660
2020-02-14,200.2395068400169,200.68831026885005,197.44805757829127,197.73410034179688,182230
2020-02-17,199.1101045867005,199.1101045867005,194.58263679651608,197.2902374267578,634200
2020-02-18,198.37525277891527,200.23456835242763,196.1904158776504,198.912826538086,348090
2020-02-19,199.24818248167645,213.6048945444662,199.24818248167645,206.9221954345703,952260
2020-02-20,207.04057245107623,212.95883577088884,206.1528389734731,208.5497283935547,433820
2020-02-24,209.21059795194745,211.5778970736621,199.34682652660183,200.4910125732422,291960
2020-02-25,202.19748095458164,205.5610159892626,197.5713691739524,200.678451538086,211070
2020-02-26,199.3468217153588,200.2246967489901,196.2989049797888,196.84141540527344,870100
2020-02-27,196.8414406618855,197.1768053130627,189.87761971828704,195.31748962402344,530200
2020-02-28,191.75665135649,193.8280494211844,187.41166115329904,191.7024078369141,306610
2020-03-02,193.8231257924217,197.8623417553757,176.07327234594513,178.74142456054688,434270
2020-03-03,179.62914541150477,190.37079209393943,179.5058482663662,188.1514434814453,702580
2020-03-04,189.79868771288093,191.35716540216367,183.5253284925051,188.5953063964844,335750
2020-03-05,189.3843998047685,191.15988156312213,186.0997623145441,187.3968505859375,359350
2020-03-06,177.54789582424925,186.42529061546173,175.08195282669024,184.66954040527344,378090
2020-03-09,180.11247955785342,183.32806375470355,169.6568754022311,178.06573486328125,494830
2020-03-11,174.10541207263717,178.03612531815878,168.78884024095169,170.91941833496094,610870
2020-03-12,161.76586258437715,167.65947243975594,140.65739629190642,150.82200622558594,1035950
2020-03-13,140.55874626477808,177.9720249759362,120.6585839150016,151.97605895996094,1201780
2020-03-16,147.46339121373222,147.46339121373222,138.09280782556863,140.04090881347656,1083090
2020-03-17,139.97184182778372,141.4514074847217,129.373224654879,132.2928924560547,559530
2020-03-18,132.10548509702804,134.5467745751403,114.91293851602528,123.13932037353516,1113670
2020-03-19,109.98106696351212,132.95872394587684,101.59686006494842,128.46084594726562,962130
2020-03-20,125.76309746243116,137.09657731090692,121.35892672037988,129.06253051757812,449310
2020-03-23,113.4333668548672,122.3107607826394,103.25395545204012,105.68537139892578,1047110
2020-03-24,114.4197493020429,114.4197493020429,106.87396260591092,110.77015686035156,217920
2020-03-25,110.96743490906556,119.8448297017908,109.09825342780006,118.30608367919922,205910
2020-03-26,119.6722130142934,140.78561617044176,114.62196647229187,127.5780258178711,429070
2020-03-27,129.13649248743266,133.06226926376686,125.5411511477036,126.7198715209961,1477540
2020-03-30,126.05900892999888,126.05900892999888,117.37888657635314,120.76708984375,174860
2020-03-31,122.72999214855584,124.28353330467988,117.1816201260255,122.96672058105467,266480
2020-04-01,123.79033476529196,124.67313902074218,118.9521559532401,121.55126190185548,95740
2020-04-03,122.31076383722998,122.31076383722998,117.51697039447592,118.10879516601562,168520
2020-04-07,120.33801310812636,124.28352173462233,119.84975370643173,121.49700927734376,164770
2020-04-08,122.80395566095032,125.66445091236172,120.33801277619229,124.23419952392578,211520
2020-04-09,126.99112761169955,136.02140966039906,125.15153624352308,131.77012634277344,474240
2020-04-13,133.06227749305313,133.06227749305313,120.59940706118412,122.13815307617188,341580
2020-04-15,122.5080480446435,125.6595229700355,118.85845533097232,120.1259536743164,403220
2020-04-16,118.85844989406762,121.32439283792792,115.01157739655338,115.73163604736328,317200
2020-04-17,119.5489108491011,125.26990148621486,117.57615649498749,124.1405029296875,451470
2020-04-20,125.1712633735368,126.25627674673696,120.63392993304304,121.8323745727539,165000
2020-04-21,120.14073971642787,120.14073971642787,114.41974924404164,114.80443572998048,264390
2020-04-22,114.81430525252604,118.1679891694848,113.4383048722228,114.49866485595705,181210
2020-04-23,116.09659114444575,124.28352475346968,114.76005427901364,123.17877960205078,700180
2020-04-24,123.2971372916844,130.5963217989841,120.32814011857184,127.92324829101562,933940
2020-04-27,127.83448430689914,131.4791400395926,123.0949342877754,124.03692626953124,312480
2020-04-28,125.82227421622704,127.14895276476442,120.5944795302713,122.60175323486328,245010
2020-04-29,125.09234203773724,127.2377076895232,122.81874254817735,124.3772201538086,236860
2020-04-30,126.2562746062992,148.9429489496186,126.2562746062992,140.9286346435547,2238870
2020-05-04,136.81051103024447,136.81051103024447,126.25627827811736,128.4509735107422,450990
2020-05-05,129.70860085467203,133.5554658862671,124.99371907710824,127.19827270507812,606130
2020-05-06,128.21917314128808,128.21917314128808,122.0493791557719,122.99137115478516,399890
2020-05-07,123.50428421389203,127.39060513571928,122.3156979211916,123.19357299804688,219350
2020-05-08,124.49065314166342,126.25626905731704,120.0420903044682,122.17266845703124,1412340
2020-05-11,122.80395944551351,124.2736593429935,118.85845070830828,119.41575622558594,299130
2020-05-12,120.23938039968954,121.3194646217254,113.98081595454757,118.32087707519533,331660
2020-05-13,124.77671747178736,125.26497690149507,121.53646471415252,123.00617218017578,480360
2020-05-14,121.32439311336496,122.94698026290604,119.46014084561108,120.37747192382812,198070
2020-05-15,120.53528439273774,123.99747028697186,120.27389505073388,123.01109313964844,212600
2020-05-18,123.0110989677852,123.55853861150524,119.84482907791772,120.29363250732422,217010
2020-05-19,123.09987456877576,126.25627852163232,120.6043339922347,124.75698852539062,722570
2020-05-20,125.00851497594208,131.68135612827038,123.40072284998377,129.7184600830078,430740
2020-05-21,129.71844979310376,138.7438094828046,129.5557041905077,136.37649536132812,795640
2020-05-22,135.0103616703501,141.40208087982865,134.64047026851352,136.84996032714844,370570
2020-05-26,138.90163820632995,139.79922997877557,135.62685882693924,136.67735290527344,262390
2020-05-27,136.69709260130298,137.57003101593517,134.17689099717032,135.85372924804688,136880
2020-05-28,137.79691064048217,142.4328811031545,133.68371896110065,139.32086181640625,430230
2020-05-29,139.32083892447508,152.8736666940275,139.32083892447508,149.7123260498047,1300000
2020-06-01,151.39409211670423,161.27265832262518,150.92063531570284,153.41616821289062,741010
2020-06-02,154.4025521808808,157.72170168799522,150.02797188929964,154.03758239746094,1343250
2020-06-03,154.86120442483008,159.2900430142918,153.42108723898414,154.94505310058594,356630
2020-06-04,156.1287265190004,156.8142508807901,152.88847364280096,154.18556213378906,532300
2020-06-05,156.83397388027242,165.11953629131443,156.34078528316465,161.78065490722656,715030
2020-06-08,165.00117474690074,169.65687627670735,162.75223596312043,164.66087341308594,555120
2020-06-09,165.810005197282,168.17236763860058,164.3353611210765,166.21934509277344,897700
2020-06-10,164.7249915015037,168.7691440198134,162.7522371122641,164.17262268066406,627510
2020-06-11,164.17262121140897,164.42907386138324,158.3135383196556,159.67474365234375,203840
2020-06-12,152.7898220673106,162.7522377951393,150.39786940105873,157.74143981933594,446380
2020-06-15,158.4122016199214,160.73017926221272,156.01036023315515,157.7217254638672,213830
2020-06-16,159.7931065123497,161.5537934278088,154.07211573814297,156.5084686279297,179100
2020-06-17,155.85744967171212,157.86473080502827,153.49508720959255,157.38633728027344,281330
2020-06-18,157.20878993819082,160.02489239680935,154.36801902106143,156.9671173095703,358610
2020-06-19,158.6489023314904,158.6489023314904,154.36802897407892,156.74026489257812,463230
2020-06-22,157.8006103978983,161.22827697444387,156.08924546061905,157.55401611328125,394260
2020-06-23,158.2740779262377,165.20830781568236,157.82033783256418,162.17518615722656,570860
2020-06-24,164.17262377606528,164.72499260059044,158.8067293933836,160.3356170654297,2848540
2020-06-25,158.90538028339128,159.7931137840448,154.86616425866524,157.47019958496094,446310
2020-06-26,158.65385138202308,167.1909453521241,153.38166373011975,154.23980712890625,446780
2020-06-29,155.01410902364196,156.41969955617364,150.4323826751359,150.6197967529297,688960
2020-06-30,151.90209475503053,155.84760370970665,150.43238725108168,153.1745147705078,1783910
2020-07-01,154.55050772621863,160.2862934986405,153.38658986556314,159.80296325683594,1018260
2020-07-02,166.10592343574942,176.7489424273985,164.1331689291447,174.3323211669922,2698640
2020-07-03,174.58875831463976,179.51570744061408,172.91192014327095,176.04367065429688,920530
2020-07-06,175.5849978655781,180.3048163236703,172.12281935308275,173.75033569335938,470880
2020-07-07,173.89829890346357,176.06832567754032,166.2045539308994,171.9945831298828,788020
2020-07-08,172.85766761216246,175.57514161468467,166.35250877354466,169.08477783203125,652820
2020-07-09,169.55823007519615,171.99951959955837,168.4781458663252,169.87881469726562,167640
2020-07-10,169.45961077608413,172.32009871683934,166.80625362468706,171.02301025390625,1876690
2020-07-13,171.1364506302383,177.0053921805721,171.1364506302383,175.2447052001953,300210
2020-07-14,174.98331151192218,175.57514385990856,167.58056076526466,170.97862243652344,376770
2020-07-15,171.14137501129704,173.39031374581074,169.6568725601014,171.46194458007812,180720
2020-07-16,169.80975845565445,171.0575249586657,165.21817398858272,167.7827606201172,917870
2020-07-17,169.55822312415594,171.4323487072074,166.22427864959934,168.16250610351562,245500
2020-07-20,169.65687429743673,184.43773688404968,169.65687429743673,182.04083251953125,2444000
2020-07-21,184.9358639045726,185.32055040483257,177.55775172129293,178.12985229492188,618290
2020-07-22,178.23834565299904,183.86069232394465,178.23834565299904,180.7388153076172,611230
2020-07-23,180.6056829141272,184.78299122585847,178.69210861535203,182.7855682373047,447820
2020-07-24,182.47977994467527,184.33909552740144,179.61929211726246,182.0211181640625,217120
2020-07-27,182.9335090493205,189.87759741821,180.01382612375747,185.6065826416016,730380
2020-07-28,185.6065829309614,186.32663402232123,180.79305771546976,183.2787322998047,206570
2020-07-29,181.5920270881694,184.39333439301845,180.9015510890008,181.78436279296875,302950
2020-07-30,181.7893106307641,185.5572634939793,178.63290678047156,179.6340789794922,290940
2020-07-31,180.53662540102064,183.7226196784548,177.55776191589214,181.5920562744141,703600
2020-08-03,181.07912738331723,187.4018088196472,179.357903993205,186.1786956787109,773040
2020-08-04,186.12937279242828,197.27543805258355,186.12937279242828,196.37290954589844,1042580
2020-08-05,197.2803777636667,202.1086833469795,196.8167792730988,199.3517608642578,882100
2020-08-06,202.20733042024952,211.78998151550496,199.4454711896909,210.6655120849609,1254870
2020-08-07,211.0748652759592,216.7810460157547,207.04057103517584,213.7578125,642670
2020-08-10,213.8465724409492,216.88461591609453,204.1652781556664,209.2007293701172,465950
2020-08-11,214.0438475347156,214.0438475347156,205.2453649168185,207.4696502685547,186300
2020-08-12,206.1626876401963,207.13426975824987,202.40459301684768,204.1948699951172,165150
2020-08-13,205.166463076518,210.05396403909089,204.1850225526153,208.4017791748047,737700
2020-08-14,213.05747458798896,221.9250110088486,208.88510325823225,215.70095825195312,1849710
2020-08-17,217.63426582840583,228.8395114750848,217.63426582840583,224.8446807861328,1204570
2020-08-18,225.38719838756768,228.9874692779849,224.89400976965177,227.24159240722656,300090
2020-08-19,226.8667453980452,227.2415735328236,221.06192126564844,222.9656219482422,256630
2020-08-20,221.54031991565765,226.6990683357379,219.4787801775757,223.6708831787109,347020
2020-08-21,225.8803801146263,239.1422288702528,221.9546030500363,229.9689178466797,1128970
2020-08-24,232.68637411258493,239.8820089897397,229.92453000931084,236.6220245361328,596210
2020-08-25,236.622024171738,244.6215438071456,236.622024171738,241.3418426513672,1116320
2020-08-26,241.66239307385587,246.5942786467917,241.05576573005345,245.54872131347656,618350
2020-08-27,246.5893594389224,246.59429614114,239.20632561041973,241.5637664794922,713100
2020-08-28,240.72041632179665,244.5179744730936,236.0400614338692,239.87213134765625,1482010
2020-08-31,237.9141910735376,243.6351821669957,231.80851345237903,237.03631591796875,474150
2020-09-01,230.417714229423,241.6624080103525,230.417714229423,236.6614685058593,293200
2020-09-02,238.7032683017424,243.1074386274028,230.8418412779791,234.6147308349609,359680
2020-09-03,236.5135067456588,237.86483859585485,230.8122481451221,235.4630126953125,446950
2020-09-04,231.79864163750085,236.82917137000248,229.4362640329372,236.27186584472656,8548220
2020-09-07,236.66145892719965,241.8103487792605,233.77138114424645,238.663818359375,1362390
2020-09-08,240.21243029023108,245.3514619530229,239.0287806999424,241.6032257080078,946260
2020-09-09,241.8596857636694,242.75235592313703,236.7305273479808,238.4616241455078,422780
2020-09-10,240.67603108110788,244.7892221012605,240.02501853235592,241.92379760742188,530220
2020-09-11,242.6487873381232,243.63516452242445,237.7218381188329,238.83151245117188,330690
2020-09-14,241.958329977252,276.17574237519364,239.4480018113643,263.88055419921875,4168230
2020-09-15,268.6842324134456,280.13115175767285,268.6842324134456,278.05975341796875,3065420
2020-09-16,276.1954934016245,279.81548092097984,267.4709857372918,273.6851501464844,713030
2020-09-17,273.3251339355021,276.0721981079675,266.81503825710416,267.860595703125,323510
2020-09-18,270.2919993346912,273.7689728558849,261.17294716893133,266.8100891113281,3328960
2020-09-21,268.29459769615755,270.75560398740646,261.44420083568644,264.7732238769531,571260
2020-09-22,266.75583242828634,266.81501264771344,249.0700827283381,251.61001586914065,748320
2020-09-23,248.25633777190416,262.90898159573266,247.09734157693907,252.9268493652344,464530
2020-09-24,251.52619898262807,256.260797746269,247.580689978979,252.28077697753903,384480
2020-09-25,253.5285121641949,266.10482055405384,253.5285121641949,264.1863098144531,322900
2020-09-28,271.2487905271066,278.0597238194644,264.54637437859884,275.3175964355469,1235400
2020-09-29,277.5665182270619,288.022121820361,275.2534626542597,284.7029724121094,1404610
2020-09-30,288.515332757626,289.7927044842188,279.1250325930842,287.71636962890625,581250
2020-10-01,290.48810952260834,296.7220211687249,287.72626517399755,291.4103698730469,1080380
2020-10-05,294.729496040594,300.64775925507854,284.3281652981696,285.674560546875,1299390
2020-10-06,285.9507496521996,288.02214783163146,277.2755788716321,280.8511962890625,341010
2020-10-07,282.2765045012118,282.2765045012118,276.6837622115942,280.1607360839844,116400
2020-10-08,283.0902813070306,287.8248802428558,279.24341590894187,284.8410949707031,236080
2020-10-09,283.0902613967368,287.0357702663777,279.1447525270958,280.17059326171875,306420
2020-10-12,282.6019841589812,282.6019841589812,271.2487737716606,272.3929748535156,137890
2020-10-13,271.74691100444136,281.1174941425255,268.2748741941513,276.8662109375,1430110
2020-10-14,278.8389628019363,283.5834345509722,268.7877770961388,270.804931640625,352930
2020-10-15,271.88990785487124,272.590257276826,264.35893908357843,265.73492431640625,268420
2020-10-16,262.8695182757494,271.74691288918933,262.8695182757494,270.7654724121094,221250
2020-10-19,272.24008723695505,276.08695201450035,265.8286359070992,268.5658264160156,678310
2020-10-20,269.8974623323761,274.19805249114467,269.2859132824451,272.619873046875,160650
2020-10-21,269.9714291897711,291.0798934908839,269.9714291897711,287.7409973144531,442720
2020-10-22,288.0221257459151,294.5864644282766,282.33074046766734,292.1895751953125,581810
2020-10-23,291.2771614254215,300.1496492078467,289.50169458962904,297.698486328125,755140
2020-10-26,300.8450305276001,304.7757290185603,292.2339471778028,300.3764953613281,500550
2020-10-27,300.5491009179848,312.5779462350672,294.9267396596571,303.4391784667969,1049870
2020-10-28,303.43921520397174,315.147507456564,298.23608162548777,308.7163391113281,2306530
2020-10-29,315.6406973781571,317.11532644492587,301.8363535700541,305.7621154785156,2159200
2020-10-30,310.5115001221346,310.95044515760696,304.7954616647311,310.14654541015625,569400
2020-11-02,306.960594155218,313.1205149022423,301.782113897824,306.8915405273437,574490
2020-11-03,307.552358498818,319.0929822628148,306.62516164452853,314.6888122558594,995240
2020-11-04,315.6406877729928,319.5861963701552,315.15737260242975,318.7033996582031,386570
2020-11-05,320.4739403006904,321.55896122088404,317.71209623278185,319.4974365234375,702860
2020-11-06,320.5725940110494,323.5366623504312,315.8429020330598,321.18414306640625,300560
2020-11-09,324.5180751005989,324.5230118025333,321.1643988858849,323.14208984375,255080
2020-11-10,323.0385603140808,324.51812623918346,316.6271079719693,319.5418395996094,907590
2020-11-11,321.46029683464303,324.5180719217511,315.54697082670987,321.80059814453125,378030
2020-11-12,317.6134630198198,322.4417686473859,316.1881407206455,318.7182006835937,941180
2020-11-13,319.09298977834715,326.8755194957038,317.03640196671444,326.3872375488281,462990
2020-11-14,327.97044029103535,330.2390959575736,320.69097126617515,326.70294189453125,163950
2020-11-17,326.8854105337223,326.9248740517443,322.91031147010443,326.4415588378906,324800
2020-11-18,327.66960047227866,327.66960047227866,323.5317406501909,325.4896850585937,297200
2020-11-19,324.51810856858225,324.51810856858225,314.3534984410515,319.0831604003906,439110
2020-11-20,320.75998288372995,321.06575738738013,314.6592427129496,317.1695556640625,381710
2020-11-23,319.38891128439326,322.5453302264284,315.3546323258923,320.321044921875,845700
2020-11-24,323.03850075044085,323.03850075044085,316.1338610397444,317.6084899902344,270710
2020-11-25,317.61346721159777,322.8659379880552,316.4002123852747,317.6578674316406,189660
2020-11-26,318.5998278931221,319.2261870325604,311.20693577424987,313.5643615722656,200160
2020-11-27,314.80225917519743,344.2061594005448,313.66793148109014,333.2869873046875,1668370
2020-12-01,342.17423220665574,345.03471996218343,333.98731378534507,339.9894104003906,587130
2020-12-02,339.98944261353745,347.6979832895077,339.98944261353745,346.6672058105469,579160
2020-12-03,347.4316410062571,352.6347745513561,347.3724607842759,349.7496032714844,643040
2020-12-04,351.48073744594035,373.8764503055544,347.72264244075035,365.807861328125,2192850
2020-12-07,379.7552204025334,386.5612170335348,369.891448444026,381.5849609375,1770670
2020-12-08,385.9299324520773,385.9299324520773,362.47879168340535,369.9210205078125,1321000
2020-12-09,373.836964678976,378.67020701461513,371.1836075611017,374.9565124511719,1542090
2020-12-10,374.9564823081503,375.41020736229416,367.4304199425257,371.5337524414063,298910
2020-12-11,374.6556315761876,377.1166679293931,360.4222160726542,362.424560546875,505180
2020-12-14,366.7794189681708,379.2620208159188,362.0004203886663,376.2831726074219,684740
2020-12-15,383.7007186360967,394.0576789077651,381.7033108897862,384.9583435058594,1181526
2020-12-16,386.41325135245546,393.0219903467633,384.9583390251442,389.7176208496094,493680
2020-12-17,393.0713339506277,395.7838713869244,388.8299238182472,390.2108459472656,392952
2020-12-18,388.6572367599073,388.6572367599073,362.0004012444923,379.6072387695313,712392
2020-12-21,375.809686815549,379.2126999573711,320.6958646349222,358.3507995605469,587078
2020-12-22,360.0276704193352,369.20096614544696,345.2813195490939,367.0802612304688,845702
2020-12-23,367.4254827364592,375.0205987156406,366.4884124176028,371.4696350097656,380390
2020-12-24,377.2892520618814,379.68120456036087,372.3573664140137,375.3164978027344,275324
2020-12-28,379.2620300875856,401.65280437276544,377.28927570481534,398.8909301757813,1014420
2020-12-29,404.4146694063792,405.8942352700611,399.48278319410633,404.2420654296875,1126404
2020-12-30,408.21220224926014,414.6483073328992,397.4606970000988,411.9850769042969,788184
2020-12-31,409.8643521044133,440.91057838102967,406.8559138899772,435.4855041503906,1873308
2021-01-01,436.3732634771093,436.3732634771093,415.0182033025855,424.0435485839844,1029826
2021-01-04,426.1149135044729,442.3901358952687,425.1778432048727,439.4556579589844,1135176
2021-01-05,436.17600022971095,437.2116842260576,424.6846820224984,433.7347106933594,622694
2021-01-06,438.4199717957771,443.3765107509901,433.7593339326984,439.7515869140625,1525138
2021-01-07,441.40378545371647,454.2266887182937,436.9157813518514,451.3168640136719,889454
2021-01-08,454.71988402495305,477.3572525480605,453.2156648324408,474.4967346191406,3053776
2021-01-11,480.3163813890329,487.2210216712756,458.7146969959709,476.6421203613281,1228924
2021-01-12,477.4065875924922,478.8861534631301,466.0632492509351,475.4091796875,530600
2021-01-13,477.89972092433527,479.8724751902768,466.3097896119288,468.6524353027344,1453592
2021-01-14,466.1125256839973,481.84525379014445,466.1125256839973,471.8581848144531,459516
2021-01-15,471.9814572346268,475.9269657590542,465.1261241326978,466.3344421386719,211938
2021-01-18,470.5019072497638,470.5019072497638,455.7555566065448,456.692626953125,1037092
2021-01-19,461.15596165395567,475.9269651951474,448.8509009376093,469.4168701171875,648118
2021-01-20,470.9950730921748,473.2637284192124,461.0573116034727,463.5232543945313,313478
2021-01-21,463.597297692256,477.6531732073936,457.72834113818016,475.2118835449219,376930
2021-01-22,478.3929295365791,480.3656838851836,461.13132898629016,462.7341918945313,240392
2021-01-25,468.5291722968355,473.5103651405171,453.7828210438082,464.65765380859375,1010506
2021-01-27,471.9814826459876,472.45001782885737,444.4122283064932,463.3753356933594,727934
2021-01-28,463.4246575508712,466.013897575272,449.56604050202094,453.7334899902344,407020
2021-01-29,462.438290781721,462.85748904006135,445.8424827833943,447.1494445800781,1112432
2021-02-01,448.8016400999956,471.9815050282371,438.98717461091735,459.6271362304688,437828
2021-02-02,461.1313113562215,470.99508272213,456.76660456754354,459.4051513671875,617964
2021-02-03,465.5700461711705,468.4798710004778,456.1994626147592,467.0003051757813,246286
2021-02-04,466.5563920813005,468.47983956507846,456.19943200338577,458.04888916015625,335762
2021-02-05,459.6517459969095,461.62450027157433,453.78278998904506,457.5556945800781,208916
2021-02-08,457.1858327582176,477.9490608028318,456.2241089666746,474.9899291992188,2015928
2021-02-09,476.4201705378498,480.80956096138885,464.1397627969137,467.4934692382813,606658
2021-02-10,467.5427902871738,470.4526150522722,454.0787475999055,468.1839294433594,485002
2021-02-11,467.5427434193594,470.00868615891295,459.2078449189322,464.0904235839844,417924
2021-02-12,468.9977151326913,473.4117592166336,465.2988005542777,467.3208618164063,1002608
2021-02-15,469.76212260693234,490.7226372639346,469.76212260693234,481.524658203125,733946
2021-02-16,488.2566837033389,492.6460740117116,471.04439059063617,472.5239562988281,1623358
2021-02-17,471.6115908910151,488.2073990451981,471.4882937430697,481.4260559082031,3002076
2021-02-18,485.7414462575268,491.2158274747921,472.4253545488728,480.1437377929688,480704
2021-02-19,480.8588765096823,488.20739856067,475.97629741515465,477.8750915527344,322676
2021-02-22,477.8750553254309,484.6317445342808,464.13973603810655,467.049560546875,424358
2021-02-23,469.07164460665217,488.207385519078,463.6465702473616,480.5876159667969,418104
2021-02-24,485.7907797868408,502.55919249014295,483.8180253511582,500.33984375,819056
2021-02-25,510.6967210036058,529.6351725291684,508.1321647381732,524.1361083984375,791594
2021-02-26,515.3820361697755,536.5891438781969,505.5429486516429,529.0433349609375,622184
2021-03-01,554.8371815776709,563.2213878770668,518.464521896468,538.9071655273438,1207406
2021-03-02,550.3984482916643,575.5510655523049,547.439316849236,570.8164672851562,1395908
2021-03-03,574.5647206346105,616.4857517538738,574.0715320332074,613.107421875,1674312
2021-03-04,599.2240925651341,651.0088906880469,596.7581497973764,647.9757690429688,1607770
2021-03-05,646.5702291658814,670.7364696152546,641.6383433598869,661.2672729492188,989870
2021-03-08,661.2672751171292,687.9487653742958,660.8727001698824,679.6385498046875,875222
2021-03-09,686.0253080236075,687.4801902388053,641.7123265877653,654.2886352539062,839934
2021-03-10,654.4365695518587,664.1277372992124,631.4539935046396,658.6780395507812,733324
2021-03-12,659.8862845993681,659.910968108516,616.4856918902915,620.2092895507812,423544
2021-03-15,616.4857423581531,616.4857423581531,553.8507909345648,564.454345703125,970130
2021-03-16,557.7963281366244,559.3005775061783,517.89735681538,546.2310791015625,1121728
2021-03-17,543.1979134957253,588.3739753366636,541.0278717052138,572.3946533203125,1026312
2021-03-18,566.5503979696452,605.5862872676598,566.1558230125446,601.4927978515625,1358776
2021-03-19,601.1969520270279,628.3223272210283,586.4012928303003,618.7544555664062,921364
2021-03-22,618.7543153982698,639.6162142212281,614.0197175685969,633.1554565429688,1076544
2021-03-23,628.198922872839,663.8317960249981,627.0152582983287,651.8472900390625,1129698
2021-03-24,654.9297335505216,657.3217462637257,608.1261866991401,636.8050537109375,533764
2021-03-25,636.8050563741766,643.4877855673087,602.6764314721221,636.5091552734375,553124
2021-03-26,642.1315454399016,677.8384114666977,642.1315454399016,657.790283203125,711454
2021-03-30,672.0680654984004,695.3959098169979,669.232231114395,687.55419921875,489422
2021-03-31,690.464041475935,714.1370943265384,685.5321554653926,690.8832397460938,472414
2021-04-01,701.8073527133238,710.1915586136236,639.6162845171316,654.3379516601562,583410
2021-04-05,652.9816989878899,652.9816989878899,606.6219711141273,609.3591918945312,691612
2021-04-06,610.5428366669883,630.7882538852826,594.5635733163489,597.522705078125,747112
2021-04-07,609.5810774293027,628.7661249975473,605.0683899367228,613.55126953125,282782
2021-04-08,626.078182565555,632.8842086571333,621.4175748357591,625.9055786132812,259472
2021-04-09,626.8427024658437,647.7292273640746,621.9355000409961,642.99462890625,415096
2021-04-12,638.679236825922,638.9998214565719,599.2241488366758,606.7699584960938,407406
2021-04-13,604.1559946354686,609.0631967961367,595.5498782219302,603.6381225585938,169528
2021-04-15,598.1144587158376,623.8835623793317,585.1929418215499,604.3779296875,497978
2021-04-16,609.0632912609395,623.3904454373165,602.109343427733,620.6286010742188,843678
2021-04-19,595.8210851447604,608.7919683074172,577.0306131173174,584.453125,307168
2021-04-20,600.1858778592689,632.2678222507375,590.5933831086256,620.9984741210938,686622
2021-04-22,620.9984415749906,628.6428649223129,598.7309641064078,615.2774658203125,285394
2021-04-23,615.4993968920674,636.1640120816653,607.6576858043874,629.5799560546875,664620
2021-04-26,635.7201138671929,641.0958817195303,617.9900075425192,635.0543212890625,281466
2021-04-27,635.0542710336728,658.3820541561072,631.3306732672723,647.6058959960938,293006
2021-04-28,649.5293661722164,659.8370196351244,642.0082402541251,651.5761108398438,234982
2021-04-29,655.4476526094543,662.0317084109563,639.6656173321762,656.0148315429688,287624
2021-04-30,648.5429761084331,653.4008715313223,639.1723931836725,642.2548217773438,1160852
2021-05-03,643.6110558974004,676.7533022805301,643.6110558974004,668.763671875,556710
2021-05-04,675.6683653278402,683.0661941452983,644.2275928536432,649.2827758789062,369402
2021-05-05,651.033599791631,657.3956842196174,637.6435179955587,642.5507202148438,431324
2021-05-06,642.5507981569623,652.9570662675627,631.3307567615616,644.1783447265625,335232
2021-05-07,641.6876935803058,645.9537871317821,619.4448991315276,632.169189453125,701192
2021-05-10,621.4175363461533,633.969160121833,616.9788396579665,620.7763671875,561578
2021-05-11,616.4364136241139,620.3572387246453,608.9645946516322,616.1898193359375,414690
2021-05-12,616.4857004180215,631.3553475528405,610.1235559489711,616.0911254882812,389190
2021-05-14,616.1898423331728,630.2210337726043,580.82818396671,589.458984375,1107558
2021-05-17,591.8263260560798,629.3086600396315,584.4284969803788,619.1489868164062,415766
2021-05-18,634.2652260657434,634.2652260657434,603.1696606094324,618.9763793945312,688780
2021-05-19,616.4857403515992,641.1451699656633,612.7128355799103,635.4241943359375,370532
2021-05-20,641.1451635968644,641.1451635968644,622.9957994997254,624.7466430664062,135918
2021-05-21,624.8699470218469,633.7473416914548,614.019797981215,617.989990234375,148840
2021-05-24,616.9789234164414,625.8810015088401,611.55384894995,618.11328125,151164
2021-05-25,618.4584785757079,631.4539856023314,616.9542293270446,627.1632690429688,323734
2021-05-26,633.722653270054,633.722653270054,614.2663875180577,616.1158447265625,482342
2021-05-27,616.9789364796102,676.1368847648257,605.5616083881112,642.871337890625,658456
2021-05-28,660.8233814212673,669.40487463763,636.21325957227,640.0847778320312,275392
2021-05-31,641.145223374642,653.8201471706491,638.6792802078164,641.71240234375,308588
2021-06-01,649.529399760131,650.7130644655795,632.267798399763,639.8629150390625,140018
2021-06-02,650.5157298809289,650.5157298809289,621.4176039802657,627.2865600585938,268052
2021-06-03,633.7473368160904,668.2705380434261,633.7473368160904,658.086181640625,1227372
2021-06-04,666.7909914298364,699.3414392363225,641.638372670279,652.31591796875,1574634
2021-06-07,657.1245010702083,669.7501171585272,640.1588012310518,664.9415283203125,882072
2021-06-08,670.7364501013371,679.0959722178184,659.8369948279269,676.1368408203125,283988
2021-06-09,682.0797855029282,687.4801762090599,665.804562855353,675.1998291015625,278624
2021-06-10,680.0577676844875,719.0689736228791,676.9753389566803,703.0403442382812,1373108
2021-06-11,707.7256306711753,729.2286412766146,705.3336780368217,710.2655639648438,486594
2021-06-14,712.1642419878143,724.9871438518609,692.9298891917446,713.224609375,629402
2021-06-15,729.9190512368681,748.6602160659228,718.6003981386874,739.0923461914062,2071350
2021-06-16,750.4850091265591,771.8400978974632,725.0364914219222,733.7905883789062,703438
2021-06-17,732.3851219201026,788.6086262291205,730.7329520359705,771.5443115234375,1638934
2021-06-18,778.6461676197457,779.040682368342,743.0872222252867,764.3930053710938,2380996
2021-06-21,752.1126043504889,803.897406617244,744.7147754552383,801.3081665039062,1515912
2021-06-22,810.8020639758762,811.1472719167756,787.6715064360703,793.3678588867188,244622
2021-06-23,798.9408103592148,800.4450595988993,775.7856307757663,783.4300537109375,1185004
2021-06-24,783.4300534321735,805.845450142952,783.4300534321735,802.0972290039062,1445526
2021-06-25,802.9110292348888,806.3633493851618,794.0336345627586,798.3737182617188,252436
2021-06-28,798.9655082365009,801.4314511631568,784.1698506765657,790.75390625,208148
2021-06-29,793.293830045846,803.3055822901612,766.8835575348076,777.4378051757812,205394
2021-06-30,779.2379637536669,810.8020331715369,779.2379637536669,803.5521850585938,305764
2021-07-01,803.8974080234813,827.5704605296942,802.9110308357224,810.111572265625,450328
2021-07-02,818.6930415617152,821.2575980923626,795.2172772299594,803.9713745117188,215500
2021-07-05,809.3224793104455,812.7501159426871,789.2003606793879,797.9051513671875,171082
2021-07-06,802.5164878810406,805.5003030744709,780.9641695505431,787.8934936523438,170778
2021-07-07,787.7947558720033,798.6695879996005,785.1808925545554,789.4223022460938,223796
2021-07-08,791.0744647401751,801.4314246900153,776.8213030541824,781.210693359375,244874
2021-07-09,781.2107294090854,786.142615327072,757.0444884109509,761.335205078125,196682
2021-07-12,768.0179047842578,770.2865601777851,737.3169161357941,738.3526000976562,340982
2021-07-13,739.7828806612129,749.3753745989793,729.9191089190634,735.2208862304688,454938
2021-07-14,739.7581415487092,743.728333457991,708.292748178464,713.9644165039062,365946
2021-07-15,715.1233793620708,751.8166185921431,715.1233793620708,748.265625,709300
2021-07-16,752.112562183352,776.7719904516586,749.1534307911552,774.7006225585938,444470
2021-07-19,788.6085069365557,788.6085069365557,747.6738564826883,755.2196655273438,329366
2021-07-20,745.2079772048436,798.9655347927509,727.4531875427824,793.6637573242188,589924
2021-07-22,792.504788765793,818.6930918934546,786.1179601495924,801.7520751953125,625040
2021-07-23,810.3089142174861,821.1590640122424,790.0881805090764,800.1985473632812,346210
2021-07-26,800.0011967901568,801.4067722256345,783.6766665632762,793.8610229492188,330864
2021-07-27,794.033613266657,899.4773556813053,790.0881046293072,863.3759155273438,1631142
2021-07-28,878.8620995003423,912.3249345140932,844.8320855466253,883.226806640625,1359714
2021-07-29,888.7258566176015,892.868652895624,863.5732380340845,883.769287109375,265364
2021-07-30,882.314356995791,887.4928370116969,854.9423911974307,861.1565551757812,332884
2021-08-02,875.4097300528314,881.3279930165688,867.7160002407095,874.645263671875,362926
2021-08-03,882.3144394221919,895.1866503378092,875.4097987559478,887.492919921875,379188
2021-08-04,900.0444604889665,900.0444604889665,842.5633685382512,851.1201782226562,335980
2021-08-05,856.7179202400197,857.9508917619252,828.5568627204376,842.4894409179688,307204
2021-08-06,846.8048500750299,880.8348644344808,846.8048500750299,864.1404418945312,756798
2021-08-09,872.9438613716231,887.1970245952084,854.0547130582079,864.8309326171875,498398
2021-08-10,859.1345597907258,869.9600257135023,813.7612076088964,827.2252807617188,377544
2021-08-11,839.9001571455376,847.7418676587431,789.1510398961831,818.8163452148438,360302
2021-08-12,825.9675791247142,835.3134786882104,816.5969960506019,825.44970703125,249828
2021-08-13,826.0909218025392,831.022807902853,789.6442714804837,792.6527099609375,513186
2021-08-16,794.5761880327575,826.0416466401407,779.2380337136881,798.669677734375,354942
2021-08-17,803.280903230651,819.0629378605088,798.4723145543662,802.1465454101562,184122
2021-08-18,813.7611511271612,817.8792636997043,791.5676651873295,800.8642578125,203130
2021-08-20,799.4093835424069,805.0070618999328,785.674093592693,792.1101684570312,256798
2021-08-23,794.033575525734,801.4314038691414,749.6466054652892,761.2118530273438,252598
2021-08-24,742.7419903819342,758.8446093190653,731.3246628847953,747.4519653320312,651240
2021-08-25,754.5785130392586,782.6409547479258,751.915282717207,763.4805908203125,439624
2021-08-26,765.7245957456113,803.8974047995284,765.7245957456113,797.9051513671875,417718
2021-08-27,813.7612319597805,822.6386272175235,786.0933621138859,811.7637939453125,406748
2021-08-30,817.1641832872048,821.6028805780601,808.1141847404756,811.2952270507812,273226
2021-08-31,814.7475550457997,824.7099405357087,802.7877316742133,818.7423706054688,337470
2021-09-01,826.0908994479881,837.1629593621001,808.8292985640003,826.9539794921875,362430
2021-09-02,831.5159535931433,845.818422545813,827.0772563319699,840.1220703125,272900
2021-09-03,840.8865187876361,845.8677113449962,833.4886901766012,838.0260009765625,173376
2021-09-06,843.3525023965361,843.8456909944289,828.5568444597548,839.9248657226562,168338
2021-09-07,854.2025860274289,875.3603872948262,848.3336301219545,870.453125,736772
2021-09-08,875.4590697368156,924.728622800356,875.4590697368156,907.368408203125,943184
2021-09-09,913.4099947027654,937.551553225384,905.5929070244954,926.947998046875,822074
2021-09-13,935.0855449795288,941.2504022117251,904.4338627803124,914.7415161132812,765936
2021-09-14,928.5755322575884,932.1264661423704,907.4670358211436,927.194580078125,751276
2021-09-15,936.0718878652416,938.167939247448,907.466951355134,916.8868408203124,506518
2021-09-16,912.1523049572048,1030.4682005408004,910.6234323559484,943.1245727539062,586978
2021-09-17,969.6087379088676,974.146048714862,929.463175885536,933.0634765625,501650
2021-09-20,933.0634390177904,936.071877161821,902.535055429996,906.0366821289062,249877
2021-09-21,911.4125164810832,911.4125164810832,857.260385089207,870.5764770507812,431413
2021-09-22,879.1086397700606,892.0795234453363,863.0800109944494,867.3707275390625,190284
2021-09-23,875.3111101098165,907.4669812329,873.5355830705444,901.3021240234376,203836
2021-09-24,912.3495822690152,912.3988890871476,872.9438019914874,881.9691772460938,163488
2021-09-27,887.5915499231173,887.6409169488801,849.2708176006611,857.0138549804688,883480
2021-09-28,861.9950393552011,868.0119160554752,829.5432061393803,836.2998657226562,310502
2021-09-29,833.488727021307,833.488727021307,808.8292972277773,818.1505737304688,880113
2021-09-30,810.8020848504547,825.1538615379093,793.1459083129901,810.6047973632812,926191
2021-10-01,809.8156151496905,857.1617168880402,809.0265254947877,837.2861938476562,994083
2021-10-04,847.2979950799611,879.7498282861508,839.4069776636169,860.3674926757812,669216
2021-10-05,853.2162253770013,864.5595624773891,838.4205682895388,841.3796997070312,503854
2021-10-06,851.2434102243957,851.8352123840999,828.6553512713847,833.9818115234375,595083
2021-10-07,838.3220118499453,849.2707747601519,815.5859690781438,845.3745727539062,551501
2021-10-08,850.2571235897586,855.0903958215688,834.721683106535,842.7606811523438,358125
2021-10-11,846.3115688881031,871.9573740059244,845.325191768187,866.2857055664062,456531
2021-10-12,870.9710128122073,872.9437670881126,850.2570929152012,860.8113403320312,240525
2021-10-13,867.7160116021182,867.7160116021182,841.3797290279166,842.7606811523438,319088
2021-10-14,851.4900958954728,857.5069725785078,831.9105330629299,839.061767578125,342950
2021-10-18,823.6249336420104,850.2571171250455,821.8494667838783,848.2843627929688,730897
2021-10-19,855.1890126492457,882.8075736113897,849.665324538291,871.1683349609375,840576
2021-10-20,880.7361434281675,880.7361434281675,829.5431474639607,840.935791015625,406755
2021-10-21,846.8048634587677,851.6874428543348,798.9655671538752,811.8870849609375,697191
2021-10-22,814.7968332838673,819.6301054037046,798.0777285389939,805.32763671875,382870
2021-10-25,808.8292830080386,810.9500180144727,739.8814944360013,750.1891479492188,1398818
2021-10-26,751.5207974328068,812.5775087452295,750.8303213661532,796.4995727539062,1042136
2021-10-27,798.9655173213994,807.645624481191,769.3742018650513,778.3009033203125,411710
2021-10-28,784.3178365815925,807.5470070653826,770.5085560999203,794.3295288085938,909001
2021-10-29,793.1458259015691,794.3294904979325,751.619372823129,789.2003173828125,790452
2021-11-01,790.0880922776713,822.6385380269387,790.0880922776713,820.419189453125,317389
2021-11-02,824.6113332346761,838.1247128176561,813.7611841131671,832.3543701171875,739838
2021-11-03,838.2233312381571,838.2233312381571,822.4906028814651,834.228515625,436451
2021-11-04,848.2844135625218,853.2162996878853,843.3525274371583,850.7010498046875,153005
2021-11-08,858.1481506315708,864.2637012170387,849.5173502660234,861.9456787109375,424301
2021-11-09,880.3416675409491,882.8076105872822,863.0307593964276,871.6615600585938,532360
2021-11-10,870.9710775173342,907.368420693248,869.9353934862786,896.3209838867188,703417
2021-11-11,906.28330395373,907.4669685621564,879.010012162088,889.514892578125,7318203
2021-11-12,877.8756654158882,911.2152011179122,870.3792231410013,907.4669799804688,574173
2021-11-15,912.3003081615634,914.766251193459,889.4656516047354,900.9569702148438,536069
2021-11-16,900.9569214382768,909.4397409272744,889.7121977401318,900.7103271484375,339564
2021-11-17,899.575921372684,927.145173547594,883.2513922964049,895.5317993164062,903669
2021-11-18,902.3378358092024,905.1490469055856,870.1326568764284,898.047119140625,512713
2021-11-22,905.494228042972,905.494228042972,870.9710276273903,883.1034545898438,526680
2021-11-23,875.9029752373859,907.6150270822416,859.3318499087676,897.307373046875,689018
2021-11-24,897.3073543342053,921.3749219846222,896.4688975887665,912.6455078125,385650
2021-11-25,911.4124944666296,919.5007992071786,899.5759685644656,904.4092407226562,360661
2021-11-26,899.575951583591,925.8629264432468,850.7502831588237,875.01513671875,360423
2021-11-29,858.1481525224549,897.8005274728504,811.4432168085979,886.9503784179688,477587
2021-11-30,884.7803521094385,913.3852910293646,882.8075977011677,911.4125366210938,665384
2021-12-01,911.4125030477855,922.2626518935924,900.5623542019787,909.3904418945312,266856
2021-12-02,915.1607019909658,943.962926631105,904.3598602254532,933.6552734375,636420
2021-12-03,940.0174321054362,941.9901864225516,903.5707840559944,912.7440795898438,202767
2021-12-06,915.3580809626616,927.0959942288956,887.7395181749952,891.8330078125,331743
2021-12-07,902.5351508780304,912.9907252657434,892.5727650973544,903.126953125,240850
2021-12-08,911.3632090936528,925.221796456123,898.6389193679526,906.6779174804688,177869
2021-12-09,911.9057300087688,934.0992172182846,908.7986177179616,929.9564208984376,330112
2021-12-10,917.3307277211924,978.3874959380864,917.0841334395468,971.8280639648438,1096599
2021-12-13,994.268197214618,1020.703153795574,983.0728403056298,998.0164184570312,1134238
2021-12-14,1004.5265261648364,1089.6508030266546,998.4109757178576,1044.5240478515625,2037313
2021-12-15,1044.5734389603897,1084.9162899101168,1027.7556597924604,1068.0985107421875,865268
2021-12-16,1083.8312320712012,1099.3666717750189,1048.0750613243188,1056.656494140625,809552
2021-12-17,1073.1784028700438,1087.4808723935876,993.2325421602142,1010.1982421875,852370
2021-12-20,966.6495837440248,1022.7744663102272,933.6552568295764,1003.2935180664062,972324
2021-12-21,1019.9140396311632,1060.256891779287,1012.5655775472544,1040.47998046875,588396
2021-12-22,1047.5324600630358,1062.3281162786154,1020.8509118579972,1035.4493408203125,805445
2021-12-23,1039.6415900683362,1045.5598533894083,1006.1047645822608,1011.1846313476562,483013
2021-12-24,1023.8595411899248,1023.8595411899248,991.407706987883,994.7614135742188,375789
2021-12-27,999.594668172687,1001.1728475948104,966.64964595361,977.6970825195312,337905
2021-12-28,984.6510858399902,998.3123866158988,980.5575961875292,986.6238403320312,322118
2021-12-29,992.295375007838,992.295375007838,979.6697600107012,983.17138671875,145834
2021-12-30,985.3908083960396,995.2545802518556,969.2141984710266,984.1578369140624,249120
2021-12-31,987.3635352358988,993.7749867634049,974.5406321808872,986.1798706054688,204271
2022-01-03,966.6495580891466,976.5133290900562,920.8816365634536,936.2198486328124,1230345
2022-01-04,937.0583037646692,966.0578164047548,932.1264179553816,935.2828369140624,547020
2022-01-05,943.9136148013392,958.7585786961764,931.2879994682992,936.7130737304688,579219
2022-01-06,936.0226497727642,936.0719565917,919.3035443029128,930.4989013671876,309324
2022-01-07,932.0278408938154,939.2776892364816,908.453401718876,914.1743774414062,351816
2022-01-10,908.5027170630384,921.2763139709316,888.0353899592945,901.2528686523438,399663
2022-01-11,906.4805898863888,918.4650961954133,876.8399689281199,883.6459350585938,712598
2022-01-12,894.4468034650603,907.4669941170416,884.7803192641156,898.589599609375,617614
2022-01-13,912.892092523543,924.9752131431144,904.359905718861,912.59619140625,536427
2022-01-14,917.3307723754752,927.194544121448,907.3190199718388,924.2354125976562,366488
2022-01-17,939.0311176418976,952.692418118553,922.2627048268636,951.015625,423294
2022-01-18,964.6768369248352,964.6768369248352,937.058277176476,946.8727416992188,405864
2022-01-19,945.9357328939273,959.7450136661014,933.3101168001052,955.2077026367188,631600
2022-01-20,962.7041452601388,974.8365727549544,943.0752149382166,955.2077026367188,380243
2022-01-21,953.8267746649748,955.2077268586844,928.723462298256,946.379638671875,211851
2022-01-24,927.6876659313106,951.01550851281,868.1104647926867,926.0601196289062,767000
2022-01-25,917.3307037489988,918.5636751250056,840.1960024252825,850.158447265625,1008147
2022-01-27,826.2881950595475,831.515982195126,789.3483567635226,808.6320190429688,1207405
2022-01-28,807.8429439240622,807.8429439240622,789.3976778523357,799.754638671875,1069582
2022-01-31,794.1322176431713,857.1617414715143,794.1322176431713,852.5257568359375,691333
2022-02-01,860.4168309403873,874.9165880135936,845.8184602273467,860.2195434570312,547860
2022-02-02,877.875761608206,916.3444747573296,863.869192472146,910.1303100585938,601769
2022-02-03,912.3988699597236,913.9277425118923,884.1885073591992,899.7732543945312,652086
2022-02-04,899.7732594266852,904.4585509472764,889.6628935138306,896.7154541015625,292193
2022-02-07,895.9263858549408,901.696728514298,882.8075813240469,890.6492919921875,169413
2022-02-08,888.7258571794673,899.6746200177397,861.1072955801054,867.5680541992188,175578
2022-02-09,868.0119591346154,891.6850125655594,865.0035206351705,881.5746459960938,159091
2022-02-10,881.8211787395397,891.3890492073162,857.1617498038703,884.04052734375,413100
2022-02-11,868.061192852993,889.6135695546335,862.0936231772282,886.7530517578125,271334
2022-02-14,842.3661706912878,856.1754521780302,801.9247034801136,813.76123046875,681870
2022-02-15,819.186233506028,837.1876167227468,773.3196954469909,829.444580078125,685869
2022-02-16,836.6944195663547,842.4153950098323,825.5976766012836,832.7982177734375,208014
2022-02-17,838.3713052483639,838.3713052483639,808.8292963471426,821.8494873046875,363467
2022-02-18,817.7067039009655,825.5977215501907,802.121956084483,819.136962890625,207207
2022-02-21,808.7799516672699,824.0687974069019,798.965487038834,817.9532470703125,185550
2022-02-22,789.1017304591523,819.1862339329075,779.237958828413,802.9110107421875,210237
2022-02-23,807.8429449394142,833.8833276856031,794.5268524404129,815.1914672851562,299087
2022-02-24,789.1017311717854,806.461945176091,760.3981797818855,766.8096313476562,395275
2022-02-25,769.3741805397376,834.0804977959651,769.3741805397376,824.1674194335938,297091
2022-02-28,811.7883885606249,843.0565560295169,792.8499353772831,838.6178588867188,289928
2022-03-02,829.4939040610521,840.3933598921558,817.0162086149819,838.1740112304688,267362
2022-03-03,843.352498689746,862.8827550397186,829.6418316471166,848.0870971679688,324519
2022-03-04,847.297958491697,862.0936155084321,830.8254483056621,849.0734252929688,395858
2022-03-07,828.655441996987,836.447845773759,805.7715396623511,819.630126953125,408126
2022-03-08,814.1557745517144,823.3290705790328,803.8974274694029,818.5451049804688,418793
2022-03-09,824.8578890398708,839.1603576689627,814.1557210781959,834.623046875,478855
2022-03-10,867.1241107522579,883.7939083278612,841.6262860276202,871.2669067382812,457783
2022-03-11,868.0119165365068,892.6713459835665,850.1091466764672,887.8380737304688,449275
2022-03-14,896.2716401027791,896.2716401027791,866.2364432187595,874.22607421875,236374
2022-03-15,875.9029518119597,916.344416929404,869.6394806862204,906.1354370117188,534471
2022-03-16,912.398845184332,935.874608835906,906.529889220518,924.333984375,547473
2022-03-17,936.861016100381,941.9901893817304,884.7310071883212,899.181396484375,421090
2022-03-21,905.4942356493448,954.7637869827666,900.7103304901875,950.7196044921876,489022
2022-03-22,948.8948014937332,948.8948014937332,917.6759411676898,925.2710571289062,351815
2022-03-23,933.5567236107044,939.228392575285,892.6713761644252,896.3209838867188,502753
2022-03-24,899.5266966550452,913.8784728276288,884.7803455222701,889.4656372070312,413287
2022-03-25,898.0471338792339,904.409278860669,882.8075940968251,887.936767578125,176639
2022-03-28,883.7939842341382,920.1913275323984,876.6920562486621,894.7921142578125,448175
2022-03-29,903.6201246686225,905.149057484516,887.7394759033809,894.3975219726562,162551
2022-03-30,901.5487206060968,922.1640272484756,901.5487206060968,915.5059814453124,212684
2022-03-31,915.3579806104932,926.7506244706738,897.6031921934792,902.1405029296876,233829
2022-04-01,899.5759772465652,931.1400466236375,899.5266704289005,928.526123046875,522488
2022-04-04,937.0582626610748,942.2367425336752,922.2626058822156,930.4495239257812,360698
2022-04-05,936.8610304958446,988.3499311661978,933.4087103770006,980.4096069335938,711849
2022-04-06,980.4096421347124,1010.9380288939052,972.6665448965108,1002.5044555664062,915550
2022-04-07,998.2136308456242,998.2136308456242,958.1173774223784,964.6275024414062,412043
2022-04-08,971.5814903014392,1004.1319361694062,944.9493073185572,991.0624389648438,472740
2022-04-11,998.5589982263066,1057.3964260521984,991.3584562463532,1048.765625,1080718
2022-04-12,1053.302756750318,1055.423491585911,1000.2849878972872,1031.2078857421875,628415
2022-04-13,1040.627950804188,1063.0186651846082,1031.553328685243,1046.5955810546875,502641
2022-04-18,1049.2587320125313,1049.2587320125313,1002.15922136285,1024.895263671875,446622
2022-04-19,1031.750536368642,1053.6974287531566,1015.9685013955078,1027.3612060546875,433900
2022-04-20,1033.7233648940328,1060.3061837958653,1016.511129929694,1025.8817138671875,509770
2022-04-21,1025.6351950392843,1056.4101195465937,1024.895412042403,1042.946044921875,373224
2022-04-22,1040.627959775599,1085.0149343631838,1024.7965573430772,1058.6787109375,650701
2022-04-25,1050.1956528201003,1055.4234996260525,1027.70632712856,1036.485107421875,441345
2022-04-26,1047.5325869944093,1047.8285483175264,1024.5007034428147,1028.9886474609375,343354
2022-04-27,1020.9003097234248,1021.7387061861698,990.3226192872644,1008.7678833007812,262142
2022-04-28,1020.3084973984306,1038.803068042952,986.3771010411432,994.2188110351562,487898
2022-04-29,1006.893798297687,1017.448046007136,990.569268252706,1009.3597412109376,238837
2022-05-02,1006.104661591199,1044.7705965011703,989.6321516597048,1014.9820556640624,239598
2022-05-04,1014.9820646219198,1014.9820646219198,954.8130598192598,964.4302368164062,350788
2022-05-05,977.203886004005,1001.9619291845456,954.615824460374,989.3856201171876,432029
2022-05-06,952.0019786842204,966.3044480845622,932.6196426222828,937.009033203125,243081
2022-05-09,912.3989343176356,917.330820449082,843.352528477382,881.5746459960938,738582
2022-05-10,877.8756973866933,901.5487499004918,859.2331444506027,871.2176513671875,268739
2022-05-11,877.0373265925805,890.6986269667977,806.2647612715751,840.7879638671875,317254
2022-05-12,813.95848497764,841.774334314573,790.0881444770467,799.705322265625,491115
2022-05-13,823.6249264752792,887.7394417098818,814.0077491900888,858.7399291992188,500795
2022-05-16,868.0118810613612,891.6849323630347,854.1532943192431,876.5440673828125,375312
2022-05-17,892.6713698821432,907.5656415854424,876.7907209745543,900.6116943359375,477283
2022-05-18,894.6441177331284,918.5637647618256,888.380646613274,899.0335083007812,714087
2022-05-19,872.9437880519368,902.535102901155,862.0936392738902,890.8465576171875,389357
2022-05-20,907.4669409787938,914.6181750245506,890.8465107608176,906.0366821289062,279382
2022-05-23,917.133481709582,925.2217865538817,859.1345160857472,871.7601318359375,437192
2022-05-24,880.5882650748429,917.3308165999484,879.84848215823,895.1373291015625,491654
2022-05-25,900.5623484452791,912.053666458174,861.7484312219098,866.7789306640625,246915
2022-05-26,873.3383485393039,887.6408171463047,839.9494460483369,850.355712890625,377958
2022-05-27,865.6940105944684,877.8757454527016,850.1585690316818,857.2604370117188,284567
2022-05-30,872.9438377393273,881.328044090496,862.4388962884467,874.1275024414062,469199
2022-05-31,874.9165909534203,956.7858999152396,874.9165909534203,924.4327392578124,1057388
2022-06-01,925.764249248336,976.513364952514,925.764249248336,971.8773803710938,821313
2022-06-02,970.4965351883934,986.3771837655444,961.5697735123669,980.7548217773438,773619
2022-06-03,987.264875816408,994.2681292325055,976.5133412104966,983.17138671875,555099
2022-06-06,981.4452611562328,986.3771468906864,952.3964421395656,958.6599731445312,364767
2022-06-07,958.7586035498005,971.088318101624,937.058305938591,957.821533203125,407935
2022-06-08,954.862427344497,966.6496468132116,937.3049253920962,941.5956420898438,289980
2022-06-09,940.7079466931024,956.785882995485,934.986970979846,951.5087890625,313089
2022-06-10,941.9902251816908,961.7177691645536,922.509275498614,929.9071044921876,358187
2022-06-13,909.4397863557732,937.0583481973804,888.725864974568,895.3839111328125,427448
2022-06-14,892.6713597980057,905.2476690106296,857.3590683240815,863.52392578125,216944
2022-06-15,868.3571696561402,933.1128588354452,868.3571696561402,915.8512573242188,553059
2022-06-16,921.2763196796368,925.567036487462,873.8809064948855,880.2923583984375,277940
2022-06-17,872.9437745919132,877.3331649342703,840.3933287596724,845.423828125,214554
2022-06-20,843.3525349668024,858.9865900423139,820.0740563287263,848.580322265625,296094
2022-06-21,849.2707291051656,867.86391436589,849.2707291051656,854.39990234375,177455
2022-06-22,854.0053277433759,866.8282307431373,830.5295635230109,839.900146484375,243031
2022-06-23,844.1416066976716,865.792598559989,838.4699377239092,854.3506469726562,201026
2022-06-24,858.6413448596537,874.9165685129383,854.695836095221,870.9217529296875,161209
2022-06-27,878.368846744434,883.3500392809678,838.4205724118685,846.9527587890625,326821
2022-06-28,847.2979864304356,849.0241464726396,805.376956834052,820.517822265625,540233
2022-06-29,809.8156358719199,872.8944663219248,808.8292587271308,866.0884399414062,482669
2022-06-30,865.8418566037385,865.8418566037385,828.5568120999764,838.3712768554688,243570
2022-07-01,832.4037174206541,843.3524799206056,824.6113137001477,834.7216796875,165325
2022-07-04,837.4342494660201,841.231777634774,819.679459724691,823.77294921875,180781
2022-07-05,826.682692019601,850.2571307470788,826.682692019601,831.0720825195312,237197
2022-07-06,836.7437805005653,851.243537620116,828.8034559505242,843.25390625,191133
2022-07-07,851.4900511724796,881.8211476955653,847.6431563124692,867.2227783203125,472140
2022-07-08,875.9029770302296,877.481156510971,857.1618097289071,862.4389038085938,195227
2022-07-11,862.4388809282608,882.8075941942166,853.2162781877065,877.1359252929688,253222
2022-07-12,869.9846533488644,869.9846533488644,844.7334221857451,847.9391479492188,257240
2022-07-13,847.9391959594558,876.8893431041993,847.9391959594558,857.7536010742188,183089
2022-07-14,861.9950611172202,868.011937969397,838.469928721633,849.369384765625,146211
2022-07-15,851.1448206362176,864.4609114387313,846.5088362420138,857.8521728515625,84651
2022-07-18,868.9983125635271,873.9301985599149,861.6990972073986,870.0339965820312,180375
2022-07-19,872.5491812941555,909.341096244927,866.4829980934388,892.2274169921875,377020
2022-07-20,900.1184928933138,925.4190919038972,894.1016161144544,914.1250610351562,891221
2022-07-21,919.895351392327,922.2626807505944,906.7272398716408,910.7713623046876,192356
2022-07-22,916.2951298063856,920.2899455033636,891.5370254825283,895.4332275390625,250975
2022-07-25,899.5266544786947,924.284696875858,895.5811458765215,914.8648071289062,291777
2022-07-26,919.5500860088596,920.0432745773816,883.7939147910306,888.5778198242188,144061
2022-07-27,888.5778298852932,918.21851135201,868.9982675747586,899.427978515625,619624
2022-07-28,887.7395342105453,919.3036065380312,877.875761608206,910.1303100585938,424670
2022-07-29,919.106294706152,953.580191079154,917.2815209045176,942.7300415039062,678016
2022-08-01,956.785839299024,986.3771539165194,956.785839299024,972.27197265625,858510
2022-08-02,969.1155767725236,983.9605412513044,954.2706122937424,977.9436645507812,239217
2022-08-03,976.5133906387716,979.8670970719342,952.8403387444984,966.4523315429688,224600
2022-08-04,972.5679599301436,1045.5598757869695,966.6496964822928,1038.4580078125,1258182
2022-08-05,1038.4578114188523,1060.3553338716788,1011.9242445642202,1015.5737915039062,689827
2022-08-08,1015.5739423453988,1046.0036549230822,991.703662237631,1008.6199951171876,269671
2022-08-10,1018.53306460374,1054.1906241839267,1014.8835171554788,1036.041259765625,456219
2022-08-11,1040.628029524192,1094.8787798785338,1023.8596157783046,1076.3348388671875,745178
2022-08-12,1076.1375429853847,1113.028074956551,1062.3282619571578,1104.693115234375,669530
2022-08-16,1096.8514779453212,1131.3253139138355,1080.4776400358862,1093.645751953125,522036
2022-08-17,1097.344657562223,1110.0195807613538,1058.382757361137,1062.4268798828125,521022
2022-08-18,1065.1394008459822,1072.981171870953,1026.3254819067638,1030.86279296875,365882
2022-08-19,1033.3287967508777,1079.4419338011949,1033.3287967508777,1048.765625,537265
2022-08-22,1048.7655649153676,1069.726080555576,1038.8524258261075,1045.066650390625,273405
2022-08-23,1040.5291839654858,1059.3689617171597,1023.8593875813888,1036.8795166015625,284699
2022-08-24,1040.0362180594186,1051.3795566697622,1024.106201059938,1029.97509765625,327468
2022-08-25,1035.498811040905,1053.4508275420628,1006.7951989997104,1011.283203125,238141
2022-08-26,1020.9003849876092,1037.718164130305,958.857236060028,962.8521118164062,849103
2022-08-29,944.8506901848364,976.168164502387,939.5242295265198,946.9220581054688,480606
2022-08-30,955.5036063346572,974.5406742669484,928.1809458352212,934.5430908203124,973419
2022-09-01,940.4119680325538,1021.8866938675478,933.6552486545604,1014.0450439453124,1649060
2022-09-02,1027.208693318756,1039.7290145159343,1004.5930030782232,1024.8828125,604589
2022-09-05,1030.1284790696436,1060.018782979303,1019.4391657037182,1046.607666015625,602221
2022-09-06,1059.0289872829082,1072.3410323002497,1039.431953957113,1046.26123046875,394338
2022-09-07,1043.1930918669389,1046.063381653462,1025.3776500703498,1040.9166259765625,369674
2022-09-08,1046.5583066117824,1046.5583066117824,1014.4904856338594,1021.8146362304688,448256
2022-09-09,1028.5448155682325,1034.7307330040949,996.7244925237662,1007.0178833007812,219674
2022-09-12,1010.5314275938237,1010.5314275938237,987.4703404955402,999.9906005859376,301052
2022-09-13,1006.5724526223426,1031.7120444326968,998.6544785604166,1019.3402099609376,848513
2022-09-14,1009.541722910503,1053.090581545858,1001.0299247046054,1045.4200439453125,452465
2022-09-15,1046.3602751539522,1061.9983230188968,1034.2854124461762,1052.150390625,299158
2022-09-16,1056.3072513198583,1101.5881665204988,1040.4713028343886,1055.8123779296875,1304062
2022-09-19,1061.00853464877,1082.0901891217886,1036.017428772015,1076.1021728515625,429341
2022-09-20,1085.7521135332258,1091.0472341346688,1060.018699721135,1063.284912109375,329259
2022-09-21,1063.9777664773103,1071.9452762188748,1039.234097489466,1051.8038330078125,261958
2022-09-22,1054.5751682793075,1069.916242993835,1045.716983142591,1057.7423095703125,438353
2022-09-23,1058.9301174904206,1089.8101690898425,1053.634996314131,1072.6876220703125,455986
2022-09-26,1065.957207190659,1077.4877805315286,1009.838556624379,1019.4886474609376,345254
2022-09-27,1019.7360787862972,1055.5153255275277,1001.6236657520402,1028.14892578125,362786
2022-09-28,1019.4391520480387,1047.894371097923,1004.5929508046208,1013.2532348632812,448315
2022-09-29,1025.2786732938237,1041.6589093682053,996.2295701962336,1007.4136962890624,420577
2022-09-30,1013.6986481232188,1053.0906200190834,1005.0384238284664,1027.40673828125,378638
2022-10-03,1074.8650059057577,1074.8650059057577,1035.8689585074997,1052.3482666015625,498513
2022-10-04,1056.0597469315846,1088.7213885892625,1054.080253497786,1086.1480712890625,676507
2022-10-06,1103.567637018097,1164.9319361168612,1098.668438885271,1125.6390380859375,1192902
2022-10-07,1128.608342900317,1145.6319398123803,1099.9551000785823,1136.42724609375,464072
2022-10-10,1127.3215164885726,1127.81638984963,1107.5761177098625,1114.4052734375,478723
2022-10-11,1117.5726093456765,1118.3643342845105,1068.9265305729896,1080.358154296875,252852
2022-10-12,1085.752073807519,1110.4957400292035,1072.8358317123266,1088.2264404296875,274177
2022-10-13,1088.7213934645415,1107.5265811698382,1074.864939365902,1078.4775390625,247517
2022-10-14,1100.5983829536583,1132.1713283550066,1100.5983829536583,1109.2586669921875,485850
2022-10-17,1105.6461907778173,1125.342177413439,1098.1736744920229,1106.784423828125,217935
2022-10-18,1113.2671363909003,1126.9255683585022,1090.6019127991287,1116.582763671875,334792
2022-10-19,1124.5502588124186,1132.0228954332506,1098.7178916574196,1104.1614990234375,192184
2022-10-20,1105.1512164839005,1105.1512164839005,1069.916255722818,1075.854736328125,239730
2022-10-21,1080.160116914543,1094.6599313076288,1046.3602404414405,1066.6995849609375,180498
2022-10-24,1088.721509295893,1102.676915387672,1057.049610843649,1088.3751220703125,97591
2022-10-25,1091.6907410002957,1093.769185155776,1059.0290959839676,1066.3037109375,167079
2022-10-27,1077.2404422059608,1082.7830001269654,1054.525680635294,1060.068359375,149505
2022-10-28,1064.9675527714448,1075.2114079489545,1054.1298736799222,1066.99658203125,248085
2022-10-31,1070.9059829446626,1081.0013514619493,1055.1195706178269,1067.88720703125,147279
2022-11-01,1073.8751710430995,1076.8444111473664,1063.680731690975,1073.2318115234375,343711
2022-11-02,1076.8445067801265,1088.721468251966,1066.947038886927,1077.6363525390625,299520
2022-11-03,1073.7762160081638,1085.7521268811277,1067.4418129820383,1080.6549072265625,328804
2022-11-04,1078.8239927756754,1109.5061430289286,1078.8239927756754,1088.5235595703125,440392
2022-11-07,1097.2332598064938,1103.518127716731,1074.7660561529844,1087.0389404296875,333507
2022-11-09,1095.0557893488149,1118.4137876528712,1023.002180188481,1050.22021484375,705890
2022-11-10,1046.1624096658095,1046.1624096658095,977.8204024596724,1036.116455078125,1681472
2022-11-11,1039.1845214837622,1056.8515971102197,1018.4989116678788,1039.5804443359375,557815
2022-11-14,1044.8262012976727,1075.0134777648586,1040.471291348503,1072.885498046875,277006
2022-11-15,1075.9536215669675,1082.4859256727748,1051.160539035135,1062.592041015625,476940
2022-11-16,1063.7798250340643,1080.803420323403,1056.9505484891615,1077.48779296875,391437
2022-11-17,1072.8855403000705,1084.7625020008093,1064.7696647987132,1081.644775390625,138299
2022-11-18,1081.7930720213749,1095.4516239114228,1064.225069250671,1070.60888671875,343505
2022-11-21,1076.0032375900323,1098.6189273818563,1073.9247935127796,1090.0081787109375,617273
2022-11-22,1095.4517216015113,1133.0620970843568,1094.165002533832,1112.42578125,562963
2022-11-23,1119.7995334294533,1131.1320857569965,1113.2176931647616,1122.9666748046875,281893
2022-11-24,1124.3522946928936,1129.7463660890749,1080.0115924902034,1086.4449462890625,460188
2022-11-25,1088.721497227367,1088.721497227367,1053.0906118635623,1070.757568359375,416366
2022-11-28,1075.6568843381735,1077.8342789985684,1059.029089557822,1075.21142578125,333618
2022-11-29,1078.626058911109,1082.0406368788354,1059.029024889416,1063.433349609375,174045
2022-11-30,1065.907804706806,1118.4139225857705,1063.9778467077022,1108.9617919921875,692241
2022-12-01,1123.3625753811498,1137.71390343668,1113.3661572441406,1120.937744140625,679091
2022-12-02,1125.3421281278008,1180.7679497418349,1120.9378031305953,1173.3448486328125,1372671
2022-12-05,1176.8088678671822,1180.7678548070214,1114.9496969321958,1130.5382080078125,1351186
2022-12-06,1135.0911119058394,1137.1201412063708,1099.707663229476,1104.2110595703125,633358
2022-12-07,1111.4855593525144,1135.239480478481,1104.557332357441,1129.746337890625,505592
2022-12-08,1132.418721419582,1147.8587459183368,1124.5007477465088,1137.9117431640625,515104
2022-12-09,1147.116402307481,1161.9626025099074,1128.3112153844077,1154.193115234375,894534
2022-12-12,1149.1455928222697,1152.0652976115873,1123.4615903714075,1131.7259521484375,401070
2022-12-13,1139.198461751654,1147.9082811159803,1128.4101984627268,1138.654052734375,388674
2022-12-14,1146.0771915576554,1158.0036881260896,1132.3198084989758,1156.3211669921875,458867
2022-12-15,1157.805893863269,1166.9115164016862,1135.9323921934808,1143.6524658203125,248649
2022-12-16,1139.1488983877543,1147.8091818785736,1092.6803398702054,1103.66650390625,906549
2022-12-19,1109.2091319814117,1136.2292665250336,1100.7962846247367,1108.2689208984375,307946
2022-12-20,1113.3165678326827,1133.2599882970192,1100.499396205184,1127.766845703125,342002
2022-12-21,1136.2292480459614,1140.63357267476,1088.7214049220884,1097.57958984375,394645
2022-12-22,1088.7214619326878,1103.914050896827,1039.2341227539291,1050.8636474609375,327471
2022-12-23,1051.061590517235,1054.8226767726885,1008.2056255660384,1027.6541748046875,406177
2022-12-26,1017.4596956926076,1072.8855156914267,1012.6594479457352,1047.64697265625,366807
2022-12-27,1055.1195637901226,1071.9452584225178,1039.2340802361775,1042.351806640625,145372
2022-12-28,1043.143504457075,1068.8275042643477,1041.2135466856569,1045.766357421875,212161
2022-12-29,1047.3994743360947,1122.7687117960238,1045.1230085354564,1105.002685546875,554320
2022-12-30,1113.4649842650026,1130.2906773605623,1074.9638153120138,1080.8033447265625,258550
2023-01-02,1081.7931080978196,1099.6085481213884,1068.9264014141309,1094.956787109375,371517
2023-01-03,1098.618861477901,1099.7570943719993,1073.8751934265968,1077.2403564453125,259730
2023-01-04,1082.4859360494156,1128.3112573737376,1078.8239215240123,1123.5604248046875,710511
2023-01-05,1123.3626302801056,1138.2088324423978,1099.3117344497114,1112.37646484375,548582
2023-01-06,1112.3764429285948,1128.113441074327,1099.806586187607,1108.1204833984375,283868
2023-01-09,1116.2364843503387,1125.935930455522,1088.9689118054175,1101.439697265625,666211
2023-01-10,1103.5676586869806,1103.5676586869806,1068.9265214187794,1093.7197265625,804284
2023-01-11,1099.9057062177117,1110.4959490262193,1085.7522781477385,1107.4771728515625,546519
2023-01-12,1110.4958455520857,1120.7397001775305,1104.656315605141,1116.6817626953125,441194
2023-01-13,1116.8303658745756,1126.0844747266055,1111.584659260078,1123.3626708984375,261207
2023-01-16,1130.785682733749,1135.2395431909056,1073.8752435589647,1111.2877197265625,218650
2023-01-17,1116.879630154782,1136.7241000814158,1099.1137249807682,1130.4886474609375,387371
2023-01-18,1135.8829066083574,1177.7986582225376,1131.676482828991,1176.7099609375,864604
2023-01-19,1173.8396789884691,1186.656851439152,1158.1026810507692,1165.327880859375,297338
2023-01-20,1167.9012086256903,1187.696144365109,1161.4678545103795,1184.429931640625,524690
2023-01-23,1187.4981660708563,1187.6960670878943,1148.1061981849646,1152.8074951171875,322841
2023-01-24,1157.4099218746524,1170.8704540721817,1138.307760475665,1143.553466796875,309686
2023-01-25,1143.8503926928777,1153.797396919171,1136.7242636600197,1142.46484375,356529
2023-01-27,1143.9493265455692,1160.0821258617202,1098.6188776796,1127.5689697265625,278217
2023-01-30,1121.3830064670983,1175.6211737304934,1118.4633020416363,1124.005859375,359871
2023-01-31,1124.00585459141,1146.1266689871393,1118.908634965424,1131.923828125,329413
2023-02-01,1138.2583250900227,1161.616324778808,1113.4651200885714,1137.3179931640625,384476
2023-02-02,1138.2089094155074,1177.3039110867355,1138.2089094155074,1171.513916015625,683736
2023-02-03,1180.7678598962054,1187.6960870707849,1150.9765072092518,1161.2698974609375,484889
2023-02-06,1163.9422528235573,1180.7679486551904,1155.034531500928,1174.8294677734375,605391
2023-02-07,1179.7780837770183,1179.7780837770183,1153.0549224834117,1167.6536865234375,298748
2023-02-08,1172.8498054286986,1186.7062588261683,1169.880565414955,1172.008544921875,331187
2023-02-09,1177.4027276248337,1205.0166865354638,1167.950718509141,1188.092041015625,555802
2023-02-10,1187.6960249348367,1202.443274741515,1174.0374723206112,1179.4810791015625,287806
2023-02-13,1185.5187959011591,1206.5013802740964,1172.948938726195,1189.477783203125,484631
2023-02-14,1195.4161550724336,1213.0335744673414,1187.6960822105875,1205.1156005859375,1040082
2023-02-15,1209.322015458877,1225.108548261899,1199.5234986878104,1218.724609375,740298
2023-02-16,1217.3885592728209,1315.3734920923405,1213.479107755482,1307.60400390625,2000263
2023-02-17,1306.4657948640615,1324.1822870036103,1258.9579477780958,1274.6949462890625,563972
2023-02-20,1281.9695770549072,1298.4488858802688,1239.5094140332967,1253.4154052734375,536236
2023-02-21,1259.650658138897,1293.5990204695158,1239.7073575004642,1261.9271240234375,575898
2023-02-22,1261.9271019159862,1276.1794792307762,1250.248041978619,1257.671142578125,459037
2023-02-23,1264.3025238876253,1269.6471805067497,1242.1321725015478,1249.25830078125,506051
2023-02-24,1255.6916816007044,1260.838437307519,1203.086737311639,1210.163330078125,271895
2023-02-27,1214.6172512382468,1237.183527100033,1206.6003261463793,1227.8798828125,517294
2023-02-28,1232.630704156711,1239.16300895391,1168.890985283201,1177.056396484375,429379
2023-03-01,1185.5187077649969,1261.333284797546,1182.9452695550751,1247.5262451171875,967913
2023-03-02,1244.012751538376,1260.7394962786384,1224.316766459086,1232.97705078125,313028
2023-03-03,1243.3694047791894,1270.8348781981924,1197.6925662627652,1214.9141845703125,441429
2023-03-06,1226.543599430221,1239.1628698701932,1218.8730624961204,1234.0162353515625,332600
2023-03-08,1232.976906115965,1233.0264417766164,1182.7472629408614,1187.844482421875,795562
2023-03-09,1196.554320089954,1217.3885381144323,1183.0937880599083,1198.286376953125,503049
2023-03-10,1189.675612517289,1206.8972304063202,1152.0652354160768,1186.8548583984375,664270
2023-03-13,1186.7063063884098,1212.3901852092065,1168.1485555587328,1174.5819091796875,381978
2023-03-14,1180.8174061157144,1217.388500129526,1163.6947390465773,1181.3616943359375,491476
2023-03-15,1198.3855070350144,1198.3855070350144,1177.2049007632943,1186.2611083984375,425669
2023-03-16,1191.655091503479,1192.1499648803492,1162.9524356450063,1171.216796875,247305
2023-03-17,1178.7883686772427,1262.0260454419306,1159.2408705400678,1232.1357421875,2771678
2023-03-20,1254.9988920136852,1254.9988920136852,1192.3478737615487,1196.7523193359375,366159
2023-03-21,1207.1941569579546,1225.306572225441,1182.5989724627275,1186.508544921875,321021
2023-03-22,1193.6841910757553,1217.2896283808975,1172.0087117267512,1177.3038330078125,215052
2023-03-23,1179.9761102119105,1237.084574204326,1177.5512788309356,1231.0965576171875,556563
2023-03-24,1227.4840333880895,1240.1528417913353,1193.1398649476894,1196.554443359375,276927
2023-03-27,1204.2743338985258,1204.2743338985258,1173.443699090909,1177.84814453125,297995
2023-03-28,1182.59894483309,1199.573126688838,1173.8397097796717,1190.41796875,322624
2023-03-29,1190.4179956432888,1202.7898309752704,1178.788470431226,1187.7457275390625,403616
2023-03-31,1189.6260478520005,1205.2640946982483,1188.6858367748684,1192.9912109375,299261
2023-04-03,1197.4947490624545,1201.5526870212725,1165.4269266619012,1167.7528076171875,441628
2023-04-05,1167.9011651592843,1193.5356301515196,1150.0857236568547,1177.650146484375,266652
2023-04-06,1177.798748527102,1189.6757106971231,1173.8892968069529,1185.815673828125,169889
2023-04-10,1192.5952255730383,1197.3955936736234,1166.466009616699,1174.77978515625,261866
2023-04-11,1176.759324570531,1186.2114541555677,1167.901139677572,1180.8173828125,394809
2023-04-12,1183.539277849138,1192.0510762091358,1175.8192044419875,1188.933349609375,319117
2023-04-13,1188.933332572499,1192.644883038386,1169.880706847612,1177.7491455078125,308256
2023-04-17,1184.6279580205403,1184.6279580205403,1156.024251603929,1177.99658203125,374181
2023-04-18,1177.848191004045,1222.3372599517324,1168.8909344153813,1215.60693359375,806584
2023-04-19,1223.277445957004,1235.2039426085466,1215.4090076308455,1217.5369873046875,263474
2023-04-20,1221.3474663609147,1238.9154708405792,1200.5627850046917,1212.5386962890625,284286
2023-04-21,1218.774244379548,1227.2860427705064,1198.929772537915,1217.4381103515625,178329
2023-04-24,1217.4380668763274,1225.4054559105086,1202.7897663033923,1208.183837890625,287482
2023-04-25,1215.9534729905702,1217.3390218482289,1201.0577354024335,1206.5013427734375,485132
2023-04-26,1205.5115294243153,1206.0559384588398,1183.7371011424311,1195.96044921875,313892
2023-04-27,1196.6038873487903,1207.3921516879664,1185.716672492846,1188.933349609375,229250
2023-04-28,1197.5935402483185,1201.750428176249,1179.3821762989858,1182.796875,324674
2023-05-02,1183.1433312365737,1207.4910779896747,1181.5597605439336,1187.399169921875,245423
2023-05-03,1191.6055753049395,1197.7420777695963,1177.749120526208,1179.67919921875,183376
2023-05-04,1186.656833374842,1197.8905557917756,1183.3907415476,1191.55615234375,169545
2023-05-05,1197.39574143856,1197.39574143856,1175.8192126103174,1177.55126953125,171953
2023-05-08,1178.8378432394686,1185.3701472285536,1167.8021434842206,1174.77978515625,252882
2023-05-09,1179.7781555211234,1183.7371426201876,1165.1298549271066,1171.266357421875,334162
2023-05-10,1160.3296316835826,1176.0666298977108,1160.3296316835826,1169.8311767578125,221267
2023-05-11,1172.5529082937844,1185.172179161448,1164.9319067639276,1169.435302734375,276662
2023-05-12,1171.8601100603942,1182.7473239207527,1163.1502906446312,1167.6536865234375,321613
2023-05-15,1177.79863384672,1179.5802263262349,1132.616670493819,1140.23779296875,776884
2023-05-16,1145.8297647976551,1160.9729384087252,1136.229269644686,1141.2275390625,661504
2023-05-17,1141.375928221806,1153.7477628618217,1138.9510969598418,1141.029541015625,255785
2023-05-18,1146.077302888467,1151.4219599781256,1091.9877348394707,1103.0233154296875,512932
2023-05-19,1104.012954183415,1108.2689134982045,1074.8649609815138,1081.4962158203125,2188962
2023-05-22,1083.7727727979227,1105.844175311152,1036.264925223219,1091.591796875,1068396
2023-05-23,1107.4276861322137,1145.1370139400522,1098.6189157073966,1141.5244140625,895404
2023-05-24,1144.9391129133496,1146.423733069711,1123.21409880071,1141.5244140625,720108
2023-05-25,1148.1061841512462,1148.1061841512462,1123.4614668966756,1135.4373779296875,342631
2023-05-26,1128.3607482690438,1134.8930521782984,1113.0690896069648,1116.7806396484375,445513
2023-05-29,1118.017891792127,1128.3112820376127,1110.6937417625304,1124.1048583984375,327334
2023-05-30,1127.321674253632,1128.5093221589004,1098.816916340104,1102.825439453125,328991
2023-05-31,1103.716124503962,1129.3010541076933,1089.71118367447,1123.6595458984375,1172885
2023-06-01,1123.6596856659085,1140.1884103002417,1108.6154605387756,1131.1322021484375,546073
2023-06-02,1131.033183543788,1131.2806202498791,1112.87135348042,1123.8079833984375,539678
2023-06-05,1133.2599956504282,1162.9523972831903,1129.053572085787,1155.529296875,819644
2023-06-06,1161.2203916306387,1161.7648006786771,1136.823109718171,1152.1641845703125,417197
2023-06-07,1152.9559484421088,1170.870339446573,1129.3009782827894,1165.8720703125,666709
2023-06-08,1171.8602172216442,1198.6823314757305,1164.4866518512354,1188.933349609375,1432123
2023-06-09,1192.496275651688,1216.3986823863202,1177.7985614643785,1215.1614990234375,695245
2023-06-12,1217.3884313750834,1255.0483413398122,1215.5078884962136,1252.573974609375,700507
2023-06-13,1258.9578713768117,1284.691286986715,1254.9493486947138,1280.48486328125,890814
2023-06-14,1289.6399613269075,1336.158056631869,1287.6604679096752,1335.3662109375,973603
2023-06-15,1337.9397484300694,1338.1376494590188,1289.640057133951,1298.3992919921875,635373
2023-06-16,1306.2679613127432,1308.692792805546,1276.7734563956544,1284.4935302734375,478082
2023-06-19,1296.3704225100328,1321.1635076560633,1261.976720797677,1311.6124267578125,443540
2023-06-20,1307.1584522437645,1346.2534479070976,1290.8276312704734,1338.385009765625,587407
2023-06-21,1349.0248478956416,1355.8541247743333,1309.434977084324,1321.1634521484375,547737
2023-06-22,1316.6601640775752,1383.665971449023,1316.6601640775752,1377.1336669921875,1304167
2023-06-23,1375.7480595365746,1380.3504063455273,1312.0083411036576,1323.4893798828125,546802
2023-06-26,1332.1496843562763,1332.1496843562763,1286.91830299941,1296.518798828125,714710
2023-06-27,1303.4964712027038,1340.1171009935165,1301.5169777004976,1324.083251953125,330736
2023-06-28,1333.1889111514995,1338.1376450459002,1297.063153722376,1304.585205078125,247000
2023-06-30,1316.115764043416,1316.115764043416,1284.691304176239,1291.91650390625,535753
2023-07-03,1348.0350558917985,1350.9547604386828,1310.42467988307,1314.631103515625,943634
2023-07-04,1319.5303614523614,1326.706025621956,1291.619550527072,1298.646728515625,337662
2023-07-05,1300.8735847767894,1319.2828497113078,1292.5102732719938,1299.240478515625,308788
2023-07-06,1303.2984783494796,1326.21101736814,1292.609165863258,1315.4722900390625,315727
2023-07-07,1306.465651101718,1330.21957203084,1295.034028327102,1304.1397705078125,328934
2023-07-10,1309.4349953877186,1316.2642723618706,1287.660566137129,1294.687744140625,308085
2023-07-11,1322.2521378137965,1348.035089280599,1296.5682576781094,1303.298583984375,750598
2023-07-12,1309.4349445093458,1316.363171728972,1292.708200343938,1297.310546875,291163
2023-07-13,1310.0288892017145,1346.0556982298424,1299.5871325632872,1333.7333984375,1000443
2023-07-14,1346.055710374844,1346.055710374844,1311.513521290454,1317.8974609375,311954
2023-07-17,1326.2112289287256,1368.8198786860223,1318.8376633037778,1361.0008544921875,637764
2023-07-18,1364.5639163236103,1371.7891165637295,1326.310297715091,1332.9910888671875,598960
2023-07-19,1341.106809968759,1395.4439292375048,1337.1478230758623,1382.7257080078125,1103958
2023-07-20,1392.2768051449127,1404.9456127845765,1378.3213991288278,1394.6522216796875,694625
2023-07-21,1394.3553354334529,1424.047739332643,1387.7239594047464,1410.1912841796875,559581
2023-07-24,1417.9606434638126,1474.7225929271708,1410.3890569941063,1420.088623046875,1394656
2023-07-25,1457.8970902696342,1489.568989039918,1444.5850436452315,1463.8355712890625,828051
2023-07-26,1466.6068265770955,1482.640676081742,1455.0267167626746,1479.028076171875,426013
2023-07-27,1489.5688722051043,1504.4150735892083,1482.690180557948,1490.11328125,724666
2023-07-28,1493.280328896839,1529.1586466582376,1482.294164725362,1522.873779296875,926773
2023-07-31,1450.9688732372576,1583.5949503271572,1450.9688732372576,1577.60693359375,1123100
2023-08-01,1577.6069149525165,1583.5949316151684,1552.3189558795098,1570.876708984375,795214
2023-08-02,1569.6394005034429,1580.2791781033245,1547.96392243855,1575.3304443359375,417742
2023-08-03,1570.6785369099946,1570.6785369099946,1494.6165242890206,1501.1983642578125,492599
2023-08-04,1511.0463135930725,1525.1997404333322,1498.9714515809744,1512.382568359375,280966
2023-08-07,1526.139986234457,1552.7641985558644,1429.194338277788,1462.1529541015625,917870
2023-08-08,1469.7739581354451,1482.5911305203256,1436.2215183617448,1458.936279296875,928642
2023-08-09,1461.8559247455505,1524.2099689290098,1457.0556772538955,1511.838134765625,1127639
2023-08-10,1522.230404074839,1570.6784560591088,1518.5683896616918,1549.10205078125,611960
2023-08-11,1558.7521875775703,1558.7521875775703,1532.2764618989115,1535.9384765625,597605
2023-08-14,1535.0972251978724,1569.738361807753,1527.872025520333,1559.2470703125,885269
2023-08-16,1558.8511472780835,1621.2051931692067,1549.0032153418051,1559.4945068359375,1085455
2023-08-17,1568.5011640760165,1603.439272723345,1538.363423827306,1543.1141357421875,922247
2023-08-18,1547.073079951782,1561.6224292842087,1527.278145473943,1533.8599853515625,891700
2023-08-21,1537.868566593408,1551.9229222814888,1494.4186595928338,1519.11279296875,652670
2023-08-22,1519.1623582463158,1583.5948495225236,1519.1623582463158,1546.4298095703125,1009656
2023-08-23,1563.7008964038737,1587.999106344137,1548.953645835693,1573.548828125,683168
2023-08-24,1583.594858683851,1646.8397025162772,1576.1717577837703,1638.624755859375,1163966
2023-08-25,1650.848005512829,1691.477156996962,1616.6027929111522,1677.32373046875,1061664
2023-08-28,1686.8253386870076,1692.466846514581,1642.9795118211723,1651.6893310546875,843321
2023-08-29,1633.08221947583,1651.5410214536455,1594.630580471912,1608.4375,4399865
2023-08-30,1598.539927764203,1628.1333793086892,1590.7704400570765,1620.3638916015625,479564
2023-08-31,1622.4919896250408,1682.4210863191836,1598.9359672825035,1658.5186767578125,741746
2023-09-01,1677.6778944533282,1728.3060439309138,1651.122933697928,1716.889892578125,1030008
2023-09-04,1716.889872522609,1761.7602618868812,1699.4182218489225,1732.1776123046875,841758
2023-09-05,1741.2112820625796,1786.8758880915868,1733.0711181556064,1782.210205078125,976482
2023-09-06,1786.875806554876,1786.875806554876,1712.422647948423,1777.296142578125,977138
2023-09-07,1769.0071832924807,1769.0071832924807,1705.2753231409245,1714.606689453125,984221
2023-09-08,1718.379020845936,1732.2272608433798,1690.5831730217385,1703.93505859375,649443
2023-09-11,1707.4094421084783,1742.104687173857,1705.4737084319015,1717.882568359375,687649
2023-09-12,1734.2623687894477,1739.076982497655,1599.502141792786,1612.1591796875,1120861
2023-09-13,1613.1518564880555,1636.827937961071,1578.456731185239,1620.4482421875,918232
2023-09-14,1635.7856360390217,1653.8032041113927,1605.3094026691836,1625.0146484375,722134
2023-09-15,1641.7419553427526,1645.613422938857,1605.210220951642,1608.3868408203125,559252
2023-09-18,1608.386774101688,1627.9927732041645,1592.6028008823955,1599.40283203125,336117
2023-09-20,1600.196941467467,1601.9838658239978,1582.377866536609,1587.93701171875,559961
2023-09-21,1583.370545901793,1593.2976339638735,1567.487205002465,1588.8304443359375,436621
2023-09-22,1588.1357227967958,1607.8905326653337,1549.7675001530324,1566.7427978515625,573249
2023-09-25,1566.7427526140234,1566.7427526140234,1521.7234302123186,1531.451904296875,727687
2023-09-26,1531.749702826039,1548.625752695153,1508.0239378916417,1533.3380126953125,519771
2023-09-27,1545.796558586912,1623.0789157522725,1536.2168942670592,1617.668701171875,856287
2023-09-28,1623.078873838968,1666.7580606578758,1595.8786287202297,1607.890380859375,791986
2023-09-29,1618.909615178842,1636.927183574163,1595.283096454327,1613.15185546875,801990
2023-10-03,1618.1153805024012,1637.8206263908692,1598.2612040545189,1628.389892578125,480463
2023-10-04,1637.9695794155064,1645.4645795994886,1587.3414287790272,1591.0640869140625,570717
2023-10-05,1603.0262988632903,1633.9987664998016,1595.8291597034338,1605.061279296875,704907
2023-10-06,1605.0116362032932,1628.786963489572,1593.297623891978,1607.493408203125,394310
2023-10-09,1598.26118712964,1598.26118712964,1553.5892905949604,1562.87109375,504510
2023-10-10,1570.465344058145,1608.1882789975948,1542.6694972606558,1603.12548828125,587104
2023-10-11,1613.1518542717297,1664.7230296946443,1607.344531832407,1657.178466796875,1091326
2023-10-12,1662.7873191523329,1677.3800907348716,1655.0938255861056,1663.8297119140625,643184
2023-10-13,1645.4645060486566,1710.4372479891356,1645.4645060486566,1699.6663818359375,895576
2023-10-16,1711.827062384731,1736.1979904806449,1693.2633352962732,1707.06201171875,721749
2023-10-17,1709.3948568467993,1769.0070683110976,1704.6299273507575,1762.0084228515625,1072273
2023-10-18,1757.0946276547752,1775.3108104342368,1715.4505407426386,1752.7266845703125,1009528
2023-10-19,1737.240456428524,1737.240456428524,1682.6414706550563,1686.5626220703125,479605
2023-10-20,1691.0795287295389,1716.393604445772,1666.70847795023,1696.589111328125,287244
2023-10-23,1712.422621291112,1712.422621291112,1608.883048528765,1627.496337890625,546733
2023-10-25,1630.027797660921,1645.8118913140324,1590.7661173998426,1612.705078125,726593
2023-10-26,1595.977894045877,1612.1590960062265,1575.8755407859471,1585.3062744140625,847701
2023-10-27,1607.1956388898766,1632.31122143482,1603.224803463342,1612.0599365234375,519342
2023-10-30,1616.1299514687255,1625.709615773376,1579.5486558573466,1592.0567626953125,398418
2023-10-31,1607.1956236550468,1612.159167891165,1544.6549662799584,1553.88720703125,1194353
2023-11-01,1558.5529502178451,1567.2391529658746,1495.1685121154246,1515.4693603515625,1532623
2023-11-02,1528.7715598009531,1563.2185068646183,1526.3394717006522,1548.5264892578125,1368005
2023-11-03,1566.4945558366662,1586.050871591413,1524.3044299665405,1532.047607421875,500833
2023-11-06,1534.6781111552996,1586.5471456263576,1526.8358086292526,1582.0799560546875,1085603
2023-11-07,1588.284469407659,1588.284469407659,1549.6185083348364,1553.936767578125,819891
2023-11-08,1570.8127368078767,1607.1955383639047,1554.6316561650017,1596.722412109375,814152
2023-11-09,1607.1956285874164,1648.839716384139,1602.281768250691,1634.34619140625,1115363
2023-11-10,1638.7637920668417,1654.200341731402,1614.1942484189317,1642.4864501953125,1217739
2023-11-13,1653.058708844098,1690.5831513989338,1653.058708844098,1664.2763671875,974347
2023-11-15,1687.605005947467,1697.532094217746,1636.0338308554772,1650.179931640625,1839796
2023-11-16,1661.7945433710483,1702.3963578244725,1655.193005566644,1673.1610107421875,1116709
2023-11-17,1676.6354471325697,1696.390376109755,1642.9330324910402,1670.828125,997974
2023-11-20,1681.6487763606626,1690.1860481557178,1648.79013796535,1671.4735107421875,836509
2023-11-21,1672.7144325012466,1677.6779768113397,1628.1914642757713,1637.423583984375,1176091
2023-11-22,1648.392960844844,1665.61643427254,1631.020556861234,1647.8966064453125,1084370
2023-11-23,1647.4995645663737,1675.5932731753303,1645.2659696791686,1671.57275390625,928573
2023-11-24,1684.03125477677,1709.7424372720825,1672.764033984154,1683.88232421875,1090186
2023-11-28,1697.4327402992217,1697.4327402992217,1643.9257136678202,1649.6337890625,1230891
2023-11-29,1662.7872886882717,1670.034111612576,1621.043833953867,1639.0615234375,1054257
2023-11-30,1652.860092950359,1761.065348284647,1624.8657542625867,1675.344970703125,23444898
2023-12-01,1687.6049669658037,1732.2768631501926,1628.5387931220005,1632.956298828125,1054816
2023-12-04,1680.6560182619062,1681.648727073638,1597.3677247215549,1606.897705078125,1373108
2023-12-05,1613.0525081707665,1630.9212660702217,1570.4652776076775,1583.122314453125,931821
2023-12-06,1592.354615649661,1613.1518167535428,1567.63614203689,1584.9588623046875,548203
2023-12-07,1593.2479352389498,1608.1882511055892,1576.9179240007584,1578.258056640625,550917
2023-12-08,1583.3705117219663,1597.1195041550964,1571.5572529470458,1589.872802734375,576843
2023-12-11,1589.3268407821522,1632.9067827635772,1585.3063215385437,1627.8935546875,701663
2023-12-12,1629.0352477330894,1633.0060831937428,1588.334184261391,1618.959228515625,752334
2023-12-13,1609.1810193759948,1614.1445635443351,1586.497646762734,1598.5093994140625,705577
2023-12-14,1609.528448465216,1627.0000997585291,1598.2612274025023,1620.3489990234375,714105
2023-12-15,1623.7737267811708,1627.0497142753106,1590.8158432740606,1604.0684814453125,789650
2023-12-18,1601.2393187239288,1614.144533319968,1588.5822813316595,1595.729736328125,788366
2023-12-19,1596.275805391918,1617.9664691831094,1581.3851728789334,1587.4903564453125,621146
2023-12-20,1601.2393484826043,1611.3649301124913,1545.647653804969,1569.1748046875,754773
2023-12-21,1553.5892818459415,1584.0653937269758,1529.1686694472294,1574.1383056640625,310797
2023-12-22,1576.421626079688,1590.915150798773,1563.5660951703555,1576.570556640625,515991
2023-12-26,1582.278513403731,1593.347240290026,1568.479837433296,1576.47119140625,429057
2023-12-27,1578.4567876495132,1591.610180180629,1566.8917050747775,1571.1107177734375,1074241
2023-12-28,1575.32966954385,1581.7822769510594,1528.7716010926988,1532.593505859375,568767
2023-12-29,1533.7351345958598,1540.6840963707275,1509.0663445311338,1525.594970703125,845509
2024-01-01,1542.5702905516914,1548.6257902390062,1500.1319876461032,1517.553955078125,737306
2024-01-02,1489.063210651727,1513.8809308292562,1455.956396170959,1493.3814697265625,1576938
2024-01-03,1480.3273563312728,1488.9639958458963,1456.303851157835,1459.430908203125,1060686
2024-01-04,1469.2090935716478,1476.7536565728517,1422.4525311136329,1440.2716064453125,1798393
2024-01-05,1447.270165240784,1539.6913291023636,1443.547507288409,1512.6400146484375,2264237
2024-01-08,1512.9378240634614,1536.5146569562764,1483.6529158387018,1503.1595458984375,725066
2024-01-09,1512.6897670553233,1533.7351458269216,1496.8559884727624,1528.9205322265625,818319
2024-01-10,1533.735147052656,1560.5382855448383,1521.8723249698935,1554.5323486328125,920486
2024-01-11,1559.3470684940212,1567.387985728667,1538.2520059937249,1558.652099609375,1713389
2024-01-12,1558.5528121451964,1577.4142792985458,1523.8080042311317,1541.52783203125,477231
2024-01-15,1543.5629978425316,1558.4536304260398,1526.289839809606,1543.26513671875,412574
2024-01-16,1548.4273237763157,1556.3193107181469,1526.835906134396,1542.42138671875,304925
2024-01-17,1518.8443964805538,1527.7787752833806,1490.2047731097682,1499.3873291015625,760205
2024-01-18,1499.6850801731562,1509.4136745251365,1466.479020514474,1495.3668212890625,647115
2024-01-19,1498.9903067441908,1546.6403297400327,1498.9903067441908,1537.159912109375,472150
2024-01-23,1527.7789690806164,1531.6008740394657,1467.2237272911962,1490.00634765625,849028
2024-01-24,1491.0487060546875,1511.3992376619583,1468.3156489500211,1491.0487060546875,459634
2024-01-25,1485.1421724685474,1500.479476234491,1472.1872730769103,1478.9873046875,557859
2024-01-29,1469.159310028672,1532.6431091979482,1460.6717226704934,1520.33349609375,1733644
2024-01-30,1518.844523682309,1518.844523682309,1479.136170121987,1488.26904296875,905374
2024-01-31,1479.1360343269828,1507.775657466992,1445.979537912056,1492.388671875,1376291
2024-02-01,1495.7143437833165,1500.2809013397202,1476.4558894500738,1481.41943359375,1189459
2024-02-02,1474.17269574488,1486.879417958094,1459.2820624545277,1467.8690185546875,492140
2024-02-05,1467.868851583852,1483.1069070149192,1409.6464578053449,1425.1326904296875,1413379
2024-02-06,1417.588233773898,1430.3445182241128,1360.6564056241464,1392.62158203125,2020568
2024-02-07,1394.6069261758942,1402.6478431779335,1364.9745928863788,1372.8170166015625,908891
2024-02-08,1374.8520736446426,1403.6903142157412,1356.6358904791011,1377.8302001953125,1079647
2024-02-09,1377.8301101965703,1378.8725028933284,1317.076381003401,1332.810791015625,912385
2024-02-12,1349.0415210102524,1356.040166240777,1328.2443209591208,1341.19921875,491008
2024-02-13,1341.1993065489485,1347.9000911180012,1304.7172572285504,1323.87646484375,548378
2024-02-14,1315.4384549395963,1386.2682061840198,1295.4850315630713,1378.4259033203125,1004441
2024-02-15,1377.879848080714,1415.801276695551,1374.455051109108,1408.2567138671875,510461
2024-02-16,1413.2699497111153,1433.6700434543327,1403.640601354364,1422.70068359375,559931
2024-02-19,1422.7503007436358,1431.486187251681,1401.4567440031626,1421.062744140625,311846
2024-02-20,1433.4714606224784,1433.4714606224784,1392.1748001203778,1429.053955078125,688802
2024-02-21,1429.3021944647865,1445.3840287299188,1411.1355747524583,1423.4947509765625,296162
2024-02-22,1425.3809427427773,1437.3431325611948,1405.2785890280288,1411.880126953125,565696
2024-02-23,1412.773552110622,1459.2819351267358,1411.880089955102,1438.6832275390625,496702
2024-02-26,1438.7328534326584,1468.4644323037985,1436.3006442640312,1444.0933837890625,538841
2024-02-27,1443.894977385217,1482.1142669206802,1440.2220032266466,1463.5009765625,823615
2024-02-28,1475.0660711658636,1475.1156338990777,1432.5285221392887,1452.134521484375,826848
2024-02-29,1451.3403125056695,1538.698689728993,1435.456971192338,1536.2666015625,1775544
2024-03-01,1536.514818156496,1559.9427229581393,1509.959856217578,1538.7484130859375,488759
2024-03-04,1528.67243221175,1542.6199193010073,1516.859172275381,1530.2607421875,282419
2024-03-05,1531.6504819761335,1548.6257787766683,1517.4546971985696,1539.889892578125,332976
2024-03-06,1533.7848188457067,1551.355716579617,1512.491141837024,1543.910400390625,484139
2024-03-07,1533.7848884872335,1578.307857082916,1533.7848884872335,1571.1107177734375,494841
2024-03-11,1576.3223833481263,1594.2903890257485,1549.8666686590595,1587.440673828125,730455
2024-03-12,1587.4406444173903,1588.2348599427949,1560.9353674858066,1580.988037109375,458809
2024-03-13,1577.9106772369062,1647.8966493949445,1429.5007079088675,1481.5682373046875,6507913
2024-03-14,1481.1214631460855,1513.8808520762605,1460.9198642085314,1484.6951904296875,694302
2024-03-15,1490.1056058915133,1507.924680537007,1453.3256960541,1463.9476318359375,540429
2024-03-18,1462.210431528861,1547.5833914257232,1453.027874795768,1536.0679931640625,439875
2024-03-19,1546.2432788843985,1559.396671132951,1516.561260064815,1535.472412109375,669470
2024-03-20,1535.4724239006866,1537.65633491303,1483.70263279447,1491.14794921875,363201
2024-03-21,1503.904135344481,1527.9277608090797,1476.7535741305971,1516.114501953125,581408
2024-03-22,1520.829901966812,1534.2314709462846,1492.091030294053,1507.7757568359375,392260
2024-03-26,1486.8792841901577,1501.3231244741808,1473.6265248098089,1479.185791015625,686357
2024-03-27,1479.136237432357,1483.851604632225,1447.5680464432303,1464.2952880859375,443684
2024-03-28,1464.245402748404,1494.0266651771851,1444.9372660791844,1485.0426025390625,583354
2024-04-01,1498.940650177199,1504.9465870739782,1465.6353416212935,1492.3392333984375,625196
2024-04-02,1498.990294685046,1572.4507462126574,1498.990294685046,1563.218505859375,589250
2024-04-03,1566.941167964369,1603.2247233329615,1558.5528270171824,1588.78076171875,566075
2024-04-04,1598.2611681270764,1598.2611681270764,1531.7993624339017,1537.755615234375,367239
2024-04-05,1545.449170775649,1585.703441534471,1534.3804429722215,1539.54248046875,538570
2024-04-08,1558.5528623692817,1599.1049938197134,1544.5556921088994,1576.719482421875,566640
2024-04-09,1598.2611317050942,1610.1736370345732,1570.6142164889825,1590.22021484375,356269
2024-04-10,1595.2333248041982,1595.2830087152834,1545.151215348686,1557.063720703125,548363
2024-04-12,1558.5528809217535,1578.903412169458,1524.2051792470495,1535.81982421875,862397
2024-04-15,1489.0632401172973,1541.1307696079548,1489.0632401172973,1536.5147705078125,433059
2024-04-16,1528.6225986439506,1554.5819576128115,1512.88818863469,1534.7774658203125,500592
2024-04-18,1538.6986036890714,1558.5527792205432,1513.334845975508,1520.482421875,310359
2024-04-19,1508.8677176486608,1548.6257542342858,1506.7830533694005,1544.3074951171875,303345
2024-04-22,1558.5528139094754,1563.5163579028176,1531.253321946093,1537.80517578125,179029
2024-04-23,1540.6840258407717,1565.501745329186,1538.6986082816984,1557.063720703125,483915
2024-04-24,1558.552814706852,1578.5062373342416,1555.872549421185,1570.812744140625,477407
2024-04-25,1570.8127167334876,1584.3135319306723,1533.4868907717637,1538.599365234375,304658
2024-04-26,1538.698705062818,1550.56152725232,1524.800781275154,1543.1162109375,240897
2024-04-29,1548.6257376756366,1552.2987117864757,1522.1700237542896,1544.8038330078125,281473
2024-04-30,1544.8039185122304,1573.3442982702486,1540.2870447218925,1545.8958740234375,465045
2024-05-02,1558.5527996721864,1584.3632282017895,1552.3980536487743,1578.60546875,539141
2024-05-03,1585.4552806659365,1601.239375622637,1558.7513883553306,1575.726806640625,361205
2024-05-06,1568.4799683880028,1599.2539424513116,1531.7497412801824,1546.8388671875,548590
2024-05-07,1559.247658517437,1559.247658517437,1523.808002947064,1534.2314453125,367910
2024-05-08,1533.3380200785502,1563.5163924611577,1527.9773682111995,1551.4549560546875,354961
2024-05-09,1558.5528412351184,1563.0697148203622,1528.9205073113849,1537.0111083984375,226718
2024-05-10,1534.7277647104092,1538.6985998066846,1495.8136292390193,1524.254638671875,424940
2024-05-13,1487.921640584606,1568.4799882687698,1428.557723863361,1553.58935546875,936567
2024-05-14,1543.6622545528485,1571.4581022232533,1543.6622545528485,1568.62890625,354608
2024-05-15,1569.5223662584874,1595.2831122878504,1555.028720192047,1568.678466796875,678661
2024-05-16,1578.853673367396,1632.509632849236,1570.6142629787842,1618.1650390625,1210190
2024-05-17,1619.108110834782,1691.377362537287,1619.108110834782,1686.413818359375,994322
2024-05-21,1658.121593842022,1711.8271168756262,1658.121593842022,1705.424072265625,696408
2024-05-22,1708.0547440957496,1716.343838373917,1667.8997214420765,1691.675048828125,384955
2024-05-23,1691.8736502613517,1709.990585796559,1670.7289044248637,1684.72607421875,368987
2024-05-24,1695.5964032872266,1714.2096942639446,1669.7362892181277,1681.89697265625,508257
2024-05-27,1688.1014153218102,1692.5686051888777,1643.4792005662157,1652.2149658203125,366124
2024-05-28,1652.21493263988,1657.7740779045337,1600.2963330467817,1605.5576171875,578827
2024-05-29,1612.0599301359416,1617.0730371339098,1578.9034302196983,1586.596923828125,514144
2024-05-30,1594.538544761052,1604.1677718588603,1513.8809530027108,1522.07080078125,477645
2024-05-31,1518.844456759539,1539.6416575482876,1452.928568517711,1493.927490234375,2978957
2024-06-03,1550.6112577096214,1563.1690491736078,1514.3773838899024,1545.3995361328125,817335
2024-06-04,1541.2302257382898,1544.853516219281,1393.0187409415234,1424.0408935546875,780014
2024-06-05,1451.3402262801983,1489.0631596582066,1416.4464886694873,1461.8629150390625,796267
2024-06-06,1490.0558810427465,1575.3295896102943,1481.319995293372,1560.637451171875,541029
2024-06-07,1560.637532652592,1619.6044615888484,1550.0651593415005,1613.2015380859375,3713637
2024-06-10,1622.0861986550844,1655.3419438539495,1603.274415141568,1617.9168701171875,457731
2024-06-11,1619.1080964672094,1636.9768553491283,1608.3867926659473,1620.8453369140625,291677
2024-06-12,1652.8602027918532,1653.8529116223588,1565.5018257073589,1569.32373046875,822296
2024-06-13,1586.3487410148248,1593.0992096614675,1523.808083515492,1528.1263427734375,705356
2024-06-14,1533.635893360521,1554.4827787586787,1522.0708112726306,1547.4345703125,425321
2024-06-18,1548.030236366813,1576.4216858173922,1543.7119770176644,1567.4376220703125,399064
2024-06-19,1582.3778298903237,1582.8741842911677,1549.7673699909346,1559.6944580078125,491661
2024-06-20,1552.2491036703934,1582.3777908216907,1549.816894458145,1568.1820068359375,599768
2024-06-21,1572.9470478310873,1666.758026701417,1569.472567132186,1634.59423828125,2278257
2024-06-24,1626.553508955819,1626.801686177204,1584.3633813204074,1606.9971923828125,413414
2024-06-25,1621.0935274448807,1635.189944428812,1593.2976800667689,1613.1021728515625,318036
2024-06-26,1627.844022214575,1627.844022214575,1573.4435287119186,1583.023193359375,448888
2024-06-27,1583.023199171438,1591.312293871017,1513.881003214785,1527.878173828125,802722
2024-06-28,1527.8781273449251,1565.452132111105,1508.9174130355989,1543.9600830078125,776710
2024-07-01,1548.6754626224956,1617.1226881516468,1548.576094795023,1602.2320556640625,978635
2024-07-02,1615.6335617540074,1641.9403447871755,1568.5791406963615,1582.0799560546875,403237
2024-07-03,1591.2625673942837,1597.9137892501492,1557.5601511552904,1584.1151123046875,1155464
2024-07-04,1584.115119795322,1587.937024565196,1564.50912034932,1569.2244873046875,354970
2024-07-05,1563.5164123577322,1569.2244881488791,1539.6914003599,1558.2054443359375,1028694
2024-07-08,1558.552900575609,1565.4026159033672,1533.735179228864,1538.897216796875,414368
2024-07-09,1545.5979900227037,1555.128091892936,1519.737997280606,1542.917724609375,307495
2024-07-10,1553.4404070790351,1575.379248249928,1544.654958063892,1554.1353759765625,590609
2024-07-11,1572.4507521555454,1572.4507521555454,1526.885393624074,1541.031494140625,454494
2024-07-12,1541.6767809775604,1557.262260812822,1517.8517695522794,1529.9627685546875,539156
2024-07-15,1530.6576833144788,1553.4403012123364,1498.99024917856,1538.94677734375,1636770
2024-07-16,1543.6622989292523,1552.8448560129152,1532.295830795102,1541.627197265625,922419
2024-07-18,1519.7379594673073,1542.8680023061324,1503.9538649652798,1514.7247314453125,407741
2024-07-19,1512.5903646172178,1514.5262195039768,1475.2149748824238,1478.590087890625,304603
2024-07-22,1450.4469473238478,1489.31152493515,1450.4469473238478,1474.619384765625,447803
2024-07-23,1474.5696674276933,1498.8413489784975,1456.8001557720006,1486.631103515625,330914
2024-07-24,1486.829558277128,1503.9537845367042,1463.2527250211897,1476.7535400390625,293899
2024-07-25,1470.9462568866445,1470.9462568866445,1447.6176002058032,1449.90087890625,358378
2024-07-26,1449.900946044809,1487.0778436643052,1444.7884712781315,1473.52734375,290289
2024-07-29,1479.0864817570307,1500.9757600633998,1467.6703301427915,1492.091064453125,1035527
2024-07-30,1497.8983088831976,1497.9975555255744,1457.2964953688158,1461.3665771484375,549080
2024-07-31,1481.121552612757,1485.092387874453,1462.806123440292,1474.6689453125,441370
2024-08-01,1482.114207129756,1495.813636752829,1458.0907031487232,1465.287841796875,521618
2024-08-02,1461.763668397806,1484.099615792679,1447.41907509854,1461.8629150390625,287166
2024-08-05,1439.4277427664858,1447.3694130714046,1391.281366542917,1406.122314453125,376949
2024-08-06,1414.8085850679668,1454.8147996442492,1396.9398260139942,1404.08740234375,264836
2024-08-07,1414.6101145580317,1437.04531038444,1397.485886855487,1403.3924560546875,232321
2024-08-08,1417.3897608727627,1434.464304817859,1386.8142794675084,1424.98388671875,440998
2024-08-09,1439.427700856034,1448.262833049066,1409.6464380797022,1414.709228515625,218986
2024-08-12,1408.951698721461,1436.9460394109308,1404.6830022566269,1422.4525146484375,239973
2024-08-13,1433.4715411176926,1433.67003441028,1394.3587892361822,1400.9603271484375,217949
2024-08-14,1402.1515875100586,1418.5809676933857,1389.8420945316818,1413.8656005859375,406432
2024-08-16,1411.6816314617947,1430.3941685557595,1388.6011513067297,1397.287353515625,624511
2024-08-19,1396.7412747163146,1397.2873130257328,1342.1422909853998,1347.1058349609375,1003809
2024-08-20,1359.365853088781,1362.9395807484195,1332.165606091049,1337.129150390625,684300
2024-08-21,1344.1277739394652,1354.9978873023886,1334.2006855056436,1348.79345703125,445709
2024-08-22,1356.4372905536495,1412.277158989221,1335.7393368895853,1406.8172607421875,1458647
2024-08-23,1418.5312158154409,1434.4145568900767,1396.7413057507852,1412.2275390625,696507
2024-08-26,1418.5809644003132,1436.1023000581083,1403.6903314639908,1417.637939453125,394377
2024-08-27,1424.537247360639,1439.4278806083112,1405.0304935701315,1431.386962890625,461159
2024-08-28,1434.4641997532287,1470.300962791286,1419.871429030616,1464.841064453125,791000
2024-08-29,1470.102532635825,1496.7567405224877,1455.311146812115,1492.28955078125,718767
2024-08-30,1491.147803507629,1492.8850438368693,1439.4277013703083,1451.439453125,844217
2024-09-02,1440.5197984892668,1448.1637293981,1411.6319949799529,1425.1824951171875,644296
2024-09-03,1429.500726348695,1438.2366125929373,1412.6246761070786,1418.68017578125,413030
2024-09-04,1412.6246631606662,1458.2892692782984,1412.6246631606662,1444.73876953125,450219
2024-09-05,1448.362068386836,1464.2454084102694,1424.5370583516858,1429.748779296875,541550
2024-09-06,1441.413237551651,1449.25566163389,1383.8361247568882,1392.8697509765625,442727
2024-09-09,1403.6902086778243,1411.4829483301162,1372.3701983359954,1388.30322265625,313355
2024-09-10,1409.1005092590588,1418.978034888727,1398.7267503915027,1404.08740234375,260809
2024-09-11,1409.1501891393723,1436.4496820603536,1397.6843536404492,1418.8787841796875,340978
2024-09-12,1421.4597865439462,1431.237944205183,1400.8610784861985,1412.029052734375,258298
2024-09-13,1413.5676883968288,1475.5127435543502,1413.5676883968288,1448.411865234375,510419
2024-09-16,1450.347555476693,1467.9681366606158,1432.0321266055134,1442.356201171875,268900
2024-09-17,1449.3052813699676,1451.7374908349534,1424.1401354895845,1438.832275390625,212533
2024-09-18,1433.719708894496,1449.354872761616,1419.6728548984563,1426.919677734375,193451
2024-09-19,1432.5001724036017,1443.9102990315837,1418.0506054471828,1419.9937744140625,395562
2024-09-20,1422.0367955095694,1441.967234129185,1418.5489687511367,1434.642822265625,423910
2024-09-23,1439.974166056893,1443.7111232352413,1402.5049664111352,1420.8907470703125,407590
2024-09-24,1423.8803075112862,1474.8524275633151,1413.3670743427897,1470.1688232421875,713409
2024-09-25,1473.8558683226152,1513.7167437336393,1473.8059935700562,1508.3853759765625,953679
2024-09-26,1514.713253470517,1515.1118865505775,1492.7897721702857,1511.4246826171875,725879
2024-09-27,1514.713294487614,1534.0955968673338,1507.9368968802946,1527.0701904296875,903969
2024-09-30,1530.5080819824848,1583.4732434346995,1516.6066506244706,1578.64013671875,1241114
2024-10-01,1584.4697721276343,1622.3376031596158,1567.2797698828538,1615.9598388671875,878640
2024-10-03,1605.396713482188,1646.8519984521467,1563.542795439822,1601.51025390625,1132578
2024-10-04,1594.4350563656408,1622.2877950982318,1557.165112593946,1603.7027587890625,1713379
2024-10-07,1604.4001961622614,1608.2866557491927,1498.9681346133043,1557.5137939453125,378995
2024-10-08,1524.6785508212483,1553.0794257875266,1501.7585464624976,1539.4271240234375,627746
2024-10-09,1539.4270338903298,1568.2264186252723,1525.4258529543877,1530.6575927734375,227561
2024-10-10,1539.576487313953,1576.7468034836677,1521.1408318458236,1568.2763671875,293849
2024-10-11,1567.52892554666,1582.0283676357906,1536.6367471029562,1566.2333984375,211774
2024-10-14,1564.3898143659185,1586.4129230973574,1543.114097027938,1556.2183837890625,299638
2024-10-15,1549.0932970493916,1556.2184529796352,1526.7214290021495,1547.249755859375,445550
2024-10-16,1544.1107200139686,1592.6911637704584,1534.643761743473,1574.504638671875,482865
2024-10-17,1574.504556138267,1595.9297763641991,1543.612378138086,1546.85107421875,690232
2024-10-18,1549.5915251194292,1579.4871815526014,1527.269410653513,1570.568359375,262552
2024-10-21,1574.5045431046476,1584.370133874767,1524.6784499684245,1533.697021484375,296727
2024-10-22,1534.4941980576343,1541.370223383287,1499.765434745012,1524.9276123046875,536205
2024-10-23,1500.7619369518216,1534.3446753289031,1446.0528619329964,1481.7283935546875,609018
2024-10-24,1477.7423107020056,1504.748029147627,1461.847713830521,1486.6611328125,198390
2024-10-25,1490.5475744561008,1503.4524839052488,1434.2939640282862,1468.57421875,250738
2024-10-28,1454.8721234097457,1483.7215058813304,1436.0379565035328,1444.0101318359375,184611
2024-10-29,1444.0101332063728,1531.0064236163585,1371.9116751589188,1505.146728515625,1255347
2024-10-30,1460.5025058645222,1510.727235107536,1455.3206405237695,1486.2625732421875,1435351
2024-10-31,1481.529008147496,1549.491872332997,1476.99490664885,1515.16162109375,636928
2024-11-01,1524.678551086443,1539.1281190542554,1512.3216548399923,1535.789794921875,56740
2024-11-04,1534.7433429702448,1539.725952434888,1493.7863175000257,1508.9832763671875,376976
2024-11-05,1509.7306810146977,1534.6437285561942,1494.0354610635547,1511.2254638671875,456074
2024-11-06,1526.322814787963,1543.5128178143816,1519.9450502055345,1536.2381591796875,692720
2024-11-07,1551.2856071352987,1551.2856071352987,1513.2185188684873,1519.0980224609375,234218
2024-11-08,1519.0979705263765,1534.1454265092063,1476.5962882299557,1515.4107666015625,243560
2024-11-11,1523.0341797502929,1539.0284044647751,1499.7155436009086,1519.3968505859375,389954
2024-11-12,1530.6576569700094,1537.6333103546383,1504.2498262996285,1520.3934326171875,235466
2024-11-13,1520.3933466479427,1523.731792181267,1485.9137147684014,1493.0887451171875,323037
2024-11-14,1495.779416911499,1519.3969379939097,1454.9220177820046,1465.385498046875,298600
2024-11-18,1488.753848007182,1497.2741589342886,1447.9463247464369,1465.93359375,330262
2024-11-19,1465.9335823116016,1513.916014239704,1454.921966713454,1461.6983642578125,373487
2024-11-21,1461.6983197935338,1470.716769681586,1420.2927876571448,1435.48974609375,418105
2024-11-22,1443.9601860994514,1445.9532298345782,1395.1306145888418,1413.317138671875,885833
2024-11-25,1444.9567866249877,1484.817663497401,1430.05883255222,1452.2314453125,2258492
2024-11-26,1466.8303652094846,1513.716769363877,1455.9184990392523,1476.845458984375,509027
2024-11-27,1477.493160623326,1494.5336601066974,1460.004153315342,1477.8419189453125,204310
2024-11-28,1492.789822362749,1492.88945022468,1452.7296902073056,1462.8941650390625,405635
2024-11-29,1464.8872133603716,1539.6263568991662,1440.2232959925695,1511.1258544921875,1803159
2024-12-02,1500.4629842687302,1507.6380149748932,1482.874469955408,1501.6090087890625,554408
2024-12-03,1516.606736588699,1561.051589956361,1509.282324795167,1551.3853759765625,697960
2024-12-04,1559.7560259257325,1580.2844743389446,1553.6275135702745,1575.052734375,608477
2024-12-05,1577.245081695306,1582.4269470631125,1534.7433971328262,1562.8951416015625,362856
2024-12-06,1566.5323636596863,1576.4477075067448,1554.5741013416734,1570.4188232421875,316023
2024-12-09,1569.3227520830835,1624.330712841252,1557.6633727519322,1610.977294921875,982758
2024-12-10,1617.3550290238445,1640.0757767959683,1605.446641085199,1617.753662109375,973125
2024-12-11,1619.3480522900536,1622.287743172839,1584.5196613006333,1592.740966796875,311436
2024-12-12,1600.3144982445913,1611.176610976303,1590.0005212006613,1601.0618896484375,224390
2024-12-13,1602.4071938084996,1606.293653495765,1569.5219715475043,1591.3458251953125,606250
2024-12-16,1591.3458915339409,1601.0619803342706,1571.4652060781275,1595.2821044921875,298882
2024-12-17,1595.2821003643437,1605.3968222389456,1574.7038982703073,1586.7120361328125,479610
2024-12-18,1586.4627956448994,1586.4627956448994,1562.4963963363168,1572.7606201171875,177334
2024-12-19,1546.6019951168792,1582.4767836634046,1546.6019951168792,1577.6436767578125,409832
2024-12-20,1591.395594034461,1591.6945992617214,1547.7480079530906,1553.57763671875,537053
2024-12-23,1562.4466476326338,1564.389816600108,1530.1593150599554,1536.038818359375,674126
2024-12-24,1534.7433411483614,1536.0388682659263,1506.0933367606733,1510.976318359375,781599
2024-12-26,1513.6669052348027,1534.6437400805637,1467.8767721679678,1491.9925537109375,757027
2024-12-27,1504.6981766909462,1527.867310595625,1494.9323351723308,1509.6807861328125,382530
2024-12-30,1509.033095667617,1535.5903058216752,1497.2740891048725,1516.5567626953125,431405
2024-12-31,1505.7445335540212,1574.50454203531,1496.3274506159648,1562.79541015625,845936
2025-01-01,1554.5741139940958,1591.3457952504111,1554.5741139940958,1579.935546875,564350
2025-01-02,1579.4871439314547,1592.7906863981973,1568.077017322862,1581.679443359375,563584
2025-01-03,1595.9796254474854,1619.2981395366407,1584.4697493645624,1611.126708984375,567607
2025-01-06,1618.3515766108449,1629.612322815756,1579.487222246422,1586.2137451171875,451456
2025-01-07,1584.4698184097338,1607.7884551607608,1572.063169433312,1587.60888671875,370954
2025-01-08,1598.4210902213554,1598.4210902213554,1516.7062963322337,1533.24853515625,260263
2025-01-09,1524.6785453010093,1548.943829846423,1518.799041614164,1545.40625,223277
2025-01-10,1542.6158624464122,1544.5590314443,1504.7480311977276,1515.4107666015625,416710
2025-01-13,1496.7759329558733,1496.7759329558733,1410.477158487433,1419.1468505859375,1012887
2025-01-14,1432.4503312084669,1485.116610010297,1425.076166595241,1461.7979736328125,722631
2025-01-15,1463.1931361538204,1517.0550711886706,1463.1432614011474,1508.03662109375,884934
2025-01-16,1519.6959375051724,1546.7515321315443,1503.3529535858042,1543.4132080078125,473343
2025-01-17,1552.5810776907963,1592.8405856776512,1545.2566662554846,1564.6888427734375,447420
2025-01-20,1579.4372944498248,1613.0201545679292,1545.3562950408002,1584.5196533203125,1279235
2025-01-21,1612.02367186602,1637.6342359742048,1564.987765315234,1578.68994140625,1333837
2025-01-22,1582.476730990713,1596.5276650412688,1526.2231200366484,1554.125732421875,556417
2025-01-23,1554.574104281064,1597.8231774087994,1548.644847862132,1577.3446044921875,401870
2025-01-24,1577.39458177111,1593.837193558205,1550.737620237487,1555.9693603515625,539946
2025-01-27,1522.2868729549548,1535.9890494655967,1493.4376117963009,1510.6773681640625,375050
2025-01-28,1509.7306508147997,1510.378414367069,1446.9996470184467,1483.621826171875,295078
2025-01-29,1482.8246234664712,1524.6785442901216,1480.5325743821172,1516.656494140625,156856
2025-01-30,1524.4792793614238,1530.1594056377642,1463.890698066998,1470.7667236328125,371995
2025-01-31,1470.7666963571885,1512.72024401285,1458.6090561912486,1504.2996826171875,254143
2025-02-01,1504.2996271988154,1524.6784506422428,1446.949745315383,1500.961181640625,162076
2025-02-03,1490.3483599315723,1490.3483599315723,1425.0263014414672,1437.2835693359375,514600
2025-02-04,1442.0668115286503,1457.7620313923503,1396.6254373952763,1432.599853515625,867528
2025-02-05,1428.0657725279236,1454.622984126669,1417.2534124821968,1423.2325439453125,410540
2025-02-06,1425.5245263287693,1433.9450874205472,1401.10974066288,1415.658935546875,317100
2025-02-07,1415.6590051936837,1444.4585128068034,1390.397199029798,1422.8837890625,596679
2025-02-10,1428.8131095224007,1432.9984527288218,1393.7354666211518,1401.7076416015625,380525
2025-02-11,1400.0136351200251,1410.9255012159183,1359.6046236048926,1373.1075439453125,392746
2025-02-12,1373.1075065986831,1381.5779424788566,1315.4088660975306,1335.2894287109375,446016
2025-02-13,1325.2245680295462,1390.6462523115813,1325.2245680295462,1369.4202880859375,479618
2025-02-14,1365.733299586513,1377.691562698544,1288.5028503213146,1298.5179443359375,556945
2025-02-17,1302.2049926872216,1338.3289115583998,1268.273373337516,1329.111083984375,655880
2025-02-18,1335.837587198179,1336.7344812240656,1305.19453922627,1320.2918701171875,361853
2025-02-19,1310.4263336423442,1380.1828685130392,1306.539873798971,1375.8480224609375,1388508
2025-02-20,1369.0716067686735,1476.795601307433,1368.9221041524745,1471.4642333984375,1684963
2025-02-21,1494.782871072204,1532.152442849009,1465.883735564808,1484.0203857421875,1727780
2025-02-24,1474.852338718814,1488.4548863070904,1457.4132063353145,1466.680908203125,440041
2025-02-25,1466.68094185642,1477.8419381796575,1452.331002551017,1459.5557861328125,589959
2025-02-27,1456.765502911381,1467.677490611882,1426.0228268845617,1433.2974853515625,438871
2025-02-28,1422.983328002035,1448.7435151583709,1379.036738716755,1433.945068359375,1253631
2025-03-03,1421.3889696868814,1438.4294696313511,1373.7054217065208,1423.0831298828125,610143
2025-03-04,1415.0610334427183,1434.9415957824403,1395.1305963519758,1420.69140625,681331
2025-03-05,1400.113290457232,1478.3402607781522,1400.113290457232,1469.47119140625,576461
2025-03-06,1460.0540789464658,1491.793276976504,1449.939357381973,1458.06103515625,234697
2025-03-07,1458.1607102227829,1482.0772364796403,1444.9567946851428,1453.1781005859375,304748
2025-03-10,1453.1779957026076,1468.8732149258656,1416.9544505863305,1429.6102294921875,372580
2025-03-11,1424.876786734315,1463.4422565033472,1405.095851732337,1443.960205078125,407052
2025-03-12,1447.5975225554537,1466.8801964610352,1382.2257120423158,1398.0703125,623081
2025-03-13,1399.166576918442,1410.975336720831,1360.2523493288,1368.0252685546875,864931
2025-03-17,1390.14798408848,1426.6705343078368,1374.701895376386,1406.490966796875,653324
2025-03-18,1406.490966796875,1406.490966796875,1406.490966796875,1406.490966796875,0
2025-03-19,1436.9845500268298,1494.7828190292958,1434.991506268124,1487.60791015625,1015811
2025-03-20,1484.3194143437906,1507.8871823112277,1473.2081704980703,1505.047119140625,521728
2025-03-21,1505.047072236024,1514.115397184872,1486.860547585098,1506.292724609375,558260
2025-03-24,1506.7910150178136,1539.128102603931,1504.2498354681993,1530.259033203125,530433
2025-03-25,1549.5915233271137,1559.0584811866684,1497.2741246295743,1503.8013916015625,383235
2025-03-26,1510.278855405447,1518.500161304734,1483.1733859985347,1492.8397216796875,344540
2025-03-27,1490.7468890558662,1534.5938526973134,1478.4897426617238,1525.774658203125,698470
2025-03-28,1530.5081764508848,1562.048119753037,1507.9868052416484,1519.945068359375,603546
2025-04-01,1519.6460075532812,1533.597314013796,1491.7433946322517,1523.8812255859375,822631
2025-04-02,1525.2764114582867,1565.6355488223212,1517.7028692697395,1556.7664794921875,560192
2025-04-03,1552.5811359286492,1564.539398849794,1542.8151725514178,1560.40380859375,271610
2025-04-04,1560.403733233101,1560.403733233101,1497.7723585375734,1513.8662109375,464651
2025-04-07,1494.7828928629558,1494.7828928629558,1395.0808252506993,1434.9915771484375,782750
2025-04-08,1464.6380280012488,1485.814117877096,1424.8270276929509,1464.488525390625,776485
2025-04-09,1474.005329407641,1474.005329407641,1432.89880279811,1469.2718505859375,599488
2025-04-11,1486.212814620739,1527.6681021302188,1484.8675343589705,1512.072509765625,582563
2025-04-15,1554.5741900867488,1563.044626378888,1507.538404275754,1559.3575439453125,375988
2025-04-16,1561.5498463125325,1571.415437634976,1539.526736242506,1562.64599609375,282839
2025-04-17,1562.546355036898,1598.8197768936884,1555.869706897524,1583.8719482421875,613416
2025-04-21,1585.8649645753674,1595.431550417367,1566.5324155253595,1593.936767578125,443337
2025-04-22,1599.4176001665746,1641.6701517524589,1584.8684052044869,1615.9598388671875,944710
2025-04-23,1629.3133406053298,1639.1789319509876,1594.4350733752462,1618.15234375,445962
2025-04-24,1627.1210169584365,1634.2959260241485,1610.9772890919728,1624.2310791015625,379340
2025-04-25,1624.3306573594566,1641.1719013876068,1574.504563575424,1611.2762451171875,574766
2025-04-28,1604.4002245273075,1626.3237058562522,1598.0224601751945,1612.5716552734375,194906
2025-04-29,1612.571671337024,1632.0038481630706,1588.754895518101,1594.63427734375,310487
2025-04-30,1604.300668397359,1634.0966982284888,1594.6343327554246,1614.166259765625,500040
2025-05-02,1614.166217962264,1624.33069265679,1576.5972694452737,1585.964599609375,321132
2025-05-05,1595.2322540387413,1623.4337498995424,1589.5520064069542,1612.67138671875,243461
2025-05-06,1612.6714453831812,1631.505612046136,1591.2462244540673,1608.3863525390625,368713
2025-05-07,1599.4176713917102,1671.167249173768,1599.2184156672788,1657.2159423828125,1146154
2025-05-08,1698.970178479883,1703.952787882636,1633.00035699999,1657.514892578125,2051656
2025-05-09,1610.479040718545,1670.2703555523187,1610.479040718545,1649.9412841796875,416776
2025-05-12,1699.0698538933573,1726.274950652116,1688.2077407621928,1706.8427734375,875263
2025-05-13,1719.0002256577775,1742.418489601521,1710.0315288282586,1719.099853515625,743776
2025-05-14,1731.9549925611327,1743.9132548803118,1711.9249275056543,1739.0302734375,841762
2025-05-15,1739.0303434221842,1775.6027701409178,1727.57034157178,1769.7232666015625,788960
2025-05-16,1778.6919246078087,1789.7532931259318,1768.9259615438157,1779.190185546875,755667
2025-05-19,1788.7567836085238,1805.2990225706865,1759.5586437191814,1799.618896484375,722136
2025-05-20,1811.676809511267,1816.3604137708496,1778.7915868963762,1788.258544921875,562462
2025-05-21,1788.7568063247277,1819.64898515262,1784.2724577851948,1808.08935546875,609824
2025-05-22,1807.1924902036824,1830.112494215088,1799.4195706197784,1823.1368408203125,534459
2025-05-23,1824.5319889102143,1831.607270140368,1815.3639143529704,1823.8343505859373,409865
2025-05-26,1826.624635293121,1842.170352540936,1823.734697465692,1831.90625,428724
2025-05-27,1826.126393793332,1844.562049064916,1811.776454009546,1837.088134765625,595499
2025-05-28,1828.7172486162865,1839.8783664824748,1822.738117431244,1828.9166259765625,411898
2025-05-29,1826.8238949223687,1836.9884912703424,1804.8007853037032,1820.6455078125,529778
2025-05-30,1820.4462596811304,1826.624646816759,1781.28290026457,1805.398681640625,1784985
2025-06-02,1803.7046702876787,1806.9932412730195,1775.9016844662508,1802.6085205078125,373513
2025-06-03,1804.701179791164,1831.60727137281,1803.306024787412,1809.28515625,515417
2025-06-04,1824.731152785248,1893.3915332408656,1809.8829527480527,1887.81103515625,1348285
2025-06-05,1893.391545956836,1913.3219832826967,1868.976760232656,1908.23974609375,912666
2025-06-06,1903.5560151426191,1918.105331667402,1892.8932798606609,1914.2188720703125,246970
2025-06-09,1921.1945399427373,1929.2663427708444,1873.560745837932,1876.45068359375,384398
2025-06-10,1881.333699690757,1903.2571812617912,1880.536433520788,1885.51904296875,354480
2025-06-11,1893.3916375624176,1914.717230862006,1865.4890239562349,1880.6361083984373,380299
2025-06-12,1886.415988585053,1886.415988585053,1821.6420639902144,1829.7138671875,361351
2025-06-13,1808.687288195444,1844.063816421856,1802.3095235663225,1839.5794677734373,415236
2025-06-16,1838.0846360853384,1851.03942072568,1804.7011525890744,1846.4554443359373,310945
2025-06-17,1854.5272961372875,1861.9015826864336,1811.6768535075705,1827.0233154296875,331566
2025-06-18,1819.6489251664489,1832.8029651238155,1778.6919008513785,1792.5435791015625,399829
2025-06-19,1783.5749489934915,1790.4508528012225,1756.9677412206247,1765.7371826171875,443298
2025-06-20,1765.8368308015022,1788.756834813034,1746.9029144441497,1763.64453125,1580792
2025-06-23,1760.555141428024,1797.625828029102,1756.9676870203675,1785.8668212890625,327609
2025-06-24,1808.687238655364,1824.5319611082696,1775.8020161343577,1786.9630126953125,479598
2025-06-25,1803.7046208428449,1806.1959255677657,1783.774183043476,1789.6536865234375,928850
2025-06-26,1783.774183043476,1807.989713628004,1771.0186541935848,1789.6536865234375,954651
2025-06-27,1789.4543457234242,1789.55409523105,1736.9376897072668,1749.7928466796875,1138006
2025-06-30,1749.7927634161515,1753.180962079199,1722.1890348260508,1733.0511474609375,1159765
2025-07-01,1732.5529173884704,1758.4624862856624,1712.1242188349152,1753.3802490234375,944181
2025-07-02,1765.836842854916,1765.836842854916,1720.3954676162405,1737.136962890625,1040298
2025-07-03,1748.8958594499943,1787.66058402564,1715.9110103046146,1723.185546875,888136
2025-07-04,1724.680389012393,1737.037284796511,1697.6746700810822,1711.6259765625,773734
2025-07-07,1711.028103344372,1737.934194660795,1709.0350595431553,1728.068603515625,282669
2025-07-08,1727.0720812869763,1739.8276102706352,1716.5089734716832,1735.34326171875,298140
2025-07-09,1736.43939851915,1743.415051770016,1691.5959133350111,1702.3583984375,1178143
2025-07-10,1709.0349937509257,1722.8866719652842,1695.9805816846574,1713.2203369140625,842042
2025-07-11,1708.0384997044002,1729.6629758089907,1684.2216024797249,1695.8809814453125,404155
2025-07-14,1697.0767609859674,1706.045457902511,1672.2633418543828,1686.61328125,612974
2025-07-15,1686.3143090627525,1719.9967979119072,1681.4314490735687,1717.5054931640625,523460
2025-07-16,1718.0037683192668,1718.0037683192668,1696.1799142185455,1708.8358154296875,453359
2025-07-17,1710.031611513907,1717.1068928034929,1679.1394320518257,1688.9053955078125,349896
2025-07-18,1690.1011500204122,1698.8705914382483,1657.5149324017818,1660.6041259765625,598789
2025-07-21,1660.604084521171,1697.0767609859674,1649.44296648203,1686.61328125,408341
2025-07-22,1689.104633679893,1689.104633679893,1646.2541916455357,1654.625,449105
2025-07-23,1651.435997825102,1679.1393545284354,1651.435997825102,1673.459228515625,300919
2025-07-24,1674.3560371699305,1697.0767850050404,1662.1985187248429,1680.5345458984375,1019339
2025-07-25,1674.5554148477547,1674.5554148477547,1520.7920379598584,1537.73291015625,2369698
2025-07-28,1533.746789342143,1533.746789342143,1486.810633485521,1499.566162109375,2521996
2025-07-29,1497.7723470497044,1522.28676033694,1488.803650360784,1509.6309814453125,819000
2025-07-30,1510.2289339286565,1563.5428553837426,1507.6380013272767,1560.852294921875,1212306
2025-07-31,1551.5846389007268,1606.2937169714617,1544.608985418193,1595.630859375,1507354
2025-08-01,1594.435045551808,1621.2415090842956,1580.0851058126934,1588.5555419921875,1148633
2025-08-04,1584.469778633679,1600.9123895440284,1574.7038156165102,1580.88232421875,425802
2025-08-05,1580.8823515625434,1627.4198751948427,1579.985457531864,1597.9228515625,1596613
2025-08-06,1611.3758783893068,1611.3758783893068,1555.5706531637031,1563.6424560546875,998317
2025-08-07,1549.591481493782,1593.73744824222,1543.612350375478,1589.651611328125,630943
2025-08-08,1592.441919837614,1601.9088774336449,1569.5219172366972,1577.095458984375,257517
2025-08-11,1574.5045282250403,1592.2426658721984,1566.5323533985843,1582.3770751953125,203971
2025-08-12,1583.8719119297266,1590.5485599160293,1560.0550144952224,1576.796630859375,291430
2025-08-13,1578.3909860505466,1605.396703916393,1572.6111106494131,1577.095458984375,319520
2025-08-14,1572.6112267060016,1609.6819153315612,1572.6112267060016,1602.905517578125,769027
2025-08-18,1602.9054273357283,1622.8358647287744,1594.93325237851,1601.41064453125,328227
2025-08-19,1599.417590344263,1625.0281535687402,1596.4280247548347,1620.6435546875,260095
2025-08-20,1618.5507597285805,1636.88678631996,1609.3828072557578,1622.6365966796875,353767
2025-08-21,1634.295910792088,1663.195045799997,1616.657521876591,1647.449951171875,595869
2025-08-22,1653.300048828125,1663.9000244140625,1633.4000244140625,1649.5,221056
2025-08-25,1655.0,1659.0999755859375,1631.0999755859375,1645.199951171875,318091
2025-08-26,1645.199951171875,1650.0,1620.5,1628.9000244140625,682057
2025-08-28,1628.9000244140625,1631.199951171875,1592.0,1600.300048828125,509123
2025-08-29,1599.0999755859375,1633.5999755859375,1578.0,1604.699951171875,720090
2025-09-01,1595.0999755859375,1642.0,1592.5999755859375,1639.800048828125,249588
2025-09-02,1645.0,1669.699951171875,1629.699951171875,1653.699951171875,409587
2025-09-03,1653.699951171875,1679.300048828125,1645.0999755859375,1674.800048828125,445589
2025-09-04,1675.0999755859375,1683.0,1660.9000244140625,1672.9000244140625,255090
2025-09-05,1672.9000244140625,1680.0,1648.300048828125,1664.699951171875,153809
2025-09-08,1664.699951171875,1694.4000244140625,1661.199951171875,1691.300048828125,442018
2025-09-09,1686.0999755859375,1700.0,1673.199951171875,1694.9000244140625,294773
2025-09-10,1703.9000244140625,1710.5,1680.0,1695.699951171875,440991
2025-09-11,1677.0,1698.9000244140625,1673.0,1681.699951171875,268553
2025-09-12,1681.9000244140625,1710.800048828125,1671.9000244140625,1703.300048828125,219959
2025-09-15,1710.0,1710.0,1688.0,1700.5999755859375,659777
2025-09-16,1710.0,1717.9000244140625,1688.699951171875,1697.5999755859375,1014595
2025-09-17,1701.0,1703.0,1676.5,1689.199951171875,306351
2025-09-18,1697.0,1705.0,1677.0,1696.9000244140625,460077
2025-09-19,1690.0,1699.0,1668.199951171875,1691.0999755859375,694289
2025-09-22,1683.0,1697.5,1672.300048828125,1679.300048828125,261846
2025-09-23,1676.0,1694.9000244140625,1665.199951171875,1683.0,433903
2025-09-24,1683.0,1691.5999755859375,1671.5,1676.199951171875,571798
2025-09-25,1676.199951171875,1699.0,1674.0,1688.300048828125,1241769
2025-09-26,1698.0,1708.0,1653.300048828125,1660.0999755859375,836539
2025-09-29,1668.699951171875,1705.0,1668.0999755859375,1696.0,841179
2025-09-30,1705.0,1706.4000244140625,1679.300048828125,1686.0999755859375,325816
2025-10-01,1693.699951171875,1741.699951171875,1685.300048828125,1731.0999755859375,1035192
2025-10-03,1740.0,1752.5,1723.800048828125,1738.199951171875,678344
2025-10-06,1740.0,1745.0,1717.0,1742.0,187698
2025-10-07,1745.0,1752.4000244140625,1728.699951171875,1736.300048828125,217829
2025-10-08,1737.4000244140625,1759.5999755859375,1718.5,1724.9000244140625,377095
2025-10-09,1720.0,1752.5,1715.9000244140625,1735.0,314463
2025-10-10,1725.0999755859375,1748.5,1725.0999755859375,1738.5999755859375,114758
2025-10-13,1738.5999755859375,1750.9000244140625,1724.5999755859375,1742.199951171875,152410
2025-10-14,1745.0999755859375,1751.0999755859375,1703.4000244140625,1725.0,419048
2025-10-15,1725.0,1743.800048828125,1707.5999755859375,1734.0999755859375,330717
2025-10-16,1745.5,1745.5,1710.0999755859375,1728.0,432617
2025-10-17,1726.0,1764.800048828125,1711.5,1754.0999755859375,706846
2025-10-20,1754.0999755859375,1762.0,1740.5999755859375,1749.0999755859375,301595
2025-10-21,1745.0999755859375,1767.5,1745.0999755859375,1752.0999755859375,38844
2025-10-23,1760.0,1771.0,1750.0,1753.5999755859375,197842
2025-10-24,1753.5999755859375,1763.0999755859375,1741.300048828125,1754.4000244140625,305810
2025-10-27,1755.0999755859375,1781.0999755859375,1751.0999755859375,1767.0,280131
2025-10-28,1766.800048828125,1793.0999755859375,1753.0999755859375,1777.0,438596
2025-10-29,1786.0,1822.300048828125,1768.4000244140625,1804.800048828125,1682297
2025-10-30,1825.0,1825.0,1754.300048828125,1784.5999755859375,1459618
2025-10-31,1785.699951171875,1820.0,1784.5999755859375,1791.5,1035265
2025-11-03,1798.0,1807.9000244140625,1780.199951171875,1796.199951171875,1084730
2025-11-04,1800.0,1807.800048828125,1758.699951171875,1779.199951171875,535976
2025-11-05,1779.199951171875,1779.199951171875,1779.199951171875,1779.199951171875,0
2025-11-06,1789.0999755859375,1811.0,1779.0,1785.699951171875,896721
2025-11-07,1780.0,1805.0,1777.5999755859375,1800.5,679442
2025-11-10,1809.0,1810.0,1785.0,1799.0999755859375,491863
2025-11-11,1799.0999755859375,1801.0,1787.699951171875,1791.0,317545
2025-11-12,1806.9000244140625,1806.9000244140625,1778.5,1796.4000244140625,630889
2025-11-13,1798.4000244140625,1802.5,1760.800048828125,1765.4000244140625,528818
2025-11-14,1769.0,1777.800048828125,1737.0,1763.300048828125,273177
2025-11-17,1763.300048828125,1787.5999755859375,1763.300048828125,1777.699951171875,226118
2025-11-18,1778.0,1782.800048828125,1757.199951171875,1763.800048828125,244549
2025-11-19,1754.0,1770.5999755859375,1717.0,1720.9000244140625,541702
2025-11-20,1730.0,1746.0999755859375,1714.0,1721.199951171875,1063781
2025-11-21,1727.0,1732.699951171875,1703.0,1727.800048828125,450086
2025-11-24,1732.699951171875,1732.699951171875,1707.199951171875,1716.199951171875,838837
2025-11-25,1716.199951171875,1726.0,1690.0,1698.4000244140625,221281
2025-11-26,1699.9000244140625,1736.4000244140625,1692.9000244140625,1732.800048828125,219892
2025-11-27,1739.0,1743.0,1710.0,1734.9000244140625,337720
2025-11-28,1736.0,1742.800048828125,1709.300048828125,1718.9000244140625,275947
2025-12-01,1727.800048828125,1738.0999755859375,1718.5999755859375,1734.300048828125,216161
2025-12-02,1725.0,1737.300048828125,1712.0,1734.5999755859375,298985
2025-12-03,1734.5999755859375,1757.4000244140625,1715.5999755859375,1752.0999755859375,422097
2025-12-04,1760.0,1776.0,1752.699951171875,1772.9000244140625,668646
2025-12-05,1773.0,1781.300048828125,1763.800048828125,1771.0,268661
2025-12-08,1776.9000244140625,1776.9000244140625,1720.699951171875,1736.0999755859375,867941
2025-12-09,1728.0,1745.0999755859375,1717.199951171875,1740.800048828125,375983
2025-12-10,1746.699951171875,1764.699951171875,1725.0,1736.0,404498
2025-12-11,1733.699951171875,1734.699951171875,1710.5999755859375,1723.0,335208
2025-12-12,1717.0,1744.300048828125,1717.0,1737.9000244140625,555246
2025-12-15,1745.199951171875,1745.199951171875,1722.0999755859375,1739.0999755859375,562387
2025-12-16,1730.0,1740.300048828125,1722.0,1732.9000244140625,560213
2025-12-17,1730.0,1776.800048828125,1720.0,1764.5,750139
2025-12-18,1764.5,1798.0,1753.4000244140625,1795.699951171875,576403
2025-12-19,1798.0,1822.9000244140625,1798.0,1820.0999755859373,521098
2025-12-22,1825.0,1837.0,1818.0,1833.0,89479
2025-12-23,1863.300048828125,1883.699951171875,1851.199951171875,1867.9000244140625,344625
2025-12-24,1868.0,1874.5999755859373,1850.9000244140625,1858.5999755859373,251578
2025-12-26,1858.5999755859373,1891.0,1851.4000244140625,1886.0999755859373,353692
2025-12-29,1895.5,1915.699951171875,1879.199951171875,1888.5999755859373,497545
2025-12-30,1890.9000244140625,1898.0,1870.300048828125,1883.199951171875,1000926
2025-12-31,1890.0,1920.9000244140625,1883.300048828125,1914.0,360626
2026-01-01,4029.5,4099.89990234375,3963.10009765625,4030.10009765625,74905
2026-01-02,1975.0,1993.699951171875,1921.5999755859373,1931.9000244140625,755936
2026-01-05,1938.699951171875,1969.699951171875,1904.699951171875,1966.199951171875,653667
2026-01-06,1975.0,1984.800048828125,1938.300048828125,1947.9000244140625,511373
2026-01-07,1947.9000244140625,1956.800048828125,1934.5,1949.800048828125,320175
2026-01-08,1949.0999755859373,1949.0999755859373,1911.0,1913.9000244140625,246755
2026-01-09,1904.300048828125,1912.9000244140625,1886.5999755859373,1890.0999755859373,498509
2026-01-12,1889.9000244140625,1908.800048828125,1847.0,1904.800048828125,561220
2026-01-13,1910.0,1920.0,1883.5999755859373,1905.199951171875,776013
2026-01-14,1905.0,1950.300048828125,1900.0999755859373,1934.699951171875,819354
2026-01-16,1944.0,1963.0,1930.0,1940.699951171875,405624
2026-01-19,1940.699951171875,1951.5,1911.800048828125,1919.699951171875,274277
2026-01-20,1919.699951171875,1933.199951171875,1894.4000244140625,1906.0,510336
2026-01-21,1905.0,1921.5,1857.199951171875,1878.5999755859373,522221
2026-01-22,1899.0,1984.0,1886.5999755859373,1976.0,1290138
2026-01-23,2000.0,2070.60009765625,1991.5999755859373,1997.800048828125,2186960
2026-01-27,2030.5999755859373,2087.89990234375,2003.300048828125,2060.60009765625,2529417
2026-01-28,2070.0,2097.0,2051.0,2091.0,836447
2026-01-29,2095.0,2151.10009765625,2032.0999755859373,2053.39990234375,1041297
2026-02-02,2032.0999755859373,2089.89990234375,2041.4000244140625,2079.300048828125,629968
2026-02-03,2195.89990234375,2195.89990234375,2107.60009765625,2137.5,1273084
2026-02-04,2140.5,2187.39990234375,2117.60009765625,2174.199951171875,1134200
2026-02-05,2181.0,2196.39990234375,2154.89990234375,2182.10009765625,1043338
2026-02-06,2182.10009765625,2207.10009765625,2165.0,2198.0,1580457
2026-02-09,2220.0,2244.199951171875,2204.0,2234.60009765625,974421
2026-02-10,2249.0,2259.89990234375,2222.39990234375,2238.699951171875,962439
2026-02-11,2238.0,2283.5,2230.0,2280.800048828125,668679
2026-02-12,2293.300048828125,2301.39990234375,2259.0,2272.89990234375,2136876
2026-02-13,2272.39990234375,2272.800048828125,2237.800048828125,2245.89990234375,374850
2026-02-16,2245.89990234375,2268.60009765625,2199.0,2217.39990234375,712792
2026-02-17,2217.39990234375,2237.800048828125,2204.5,2224.5,914557
2026-02-18,2243.199951171875,2267.699951171875,2231.699951171875,2243.89990234375,496062
2026-02-19,2250.0,2259.89990234375,2185.199951171875,2203.0,268013
2026-02-20,2203.0,2231.699951171875,2177.39990234375,2187.5,390435
2026-02-23,2190.60009765625,2219.10009765625,2184.800048828125,2191.5,377524
2026-02-24,2189.60009765625,2213.39990234375,2170.0,2195.60009765625,1362267
2026-02-25,2208.699951171875,2233.39990234375,2186.300048828125,2230.60009765625,627501
2026-02-26,2241.0,2247.699951171875,2200.0,2226.39990234375,413834
2026-02-27,2232.0,2252.699951171875,2216.89990234375,2234.60009765625,1301693
2026-03-02,2195.0,2251.800048828125,2194.199951171875,2222.300048828125,509808
2026-03-04,2200.199951171875,2211.10009765625,2105.0,2119.699951171875,587847
2026-03-05,2126.0,2165.89990234375,2119.699951171875,2161.300048828125,391810
2026-03-06,2160.0,2191.699951171875,2143.39990234375,2152.800048828125,693404
2026-03-09,2093.5,2140.39990234375,2051.60009765625,2097.89990234375,355635
2026-03-10,483.9500122070313,488.0,473.6499938964844,480.1000061035156,500914
2026-03-11,476.2999877929688,486.0,473.3999938964844,482.3500061035156,210199
2026-03-12,2019.9000244140625,2025.0,1937.199951171875,2009.199951171875,1360299
2026-03-13,2006.800048828125,2013.5,1908.5,1933.199951171875,560832
2026-03-16,1921.5999755859373,1937.699951171875,1872.0999755859373,1893.699951171875,667915
2026-03-17,1914.0,1974.5,1896.699951171875,1965.5999755859373,866076
2026-03-18,1965.0,2024.0,1942.699951171875,2013.4000244140625,596268
2026-03-19,1950.0,1988.5999755859373,1922.0,1929.800048828125,535700
2026-03-20,1948.0,1996.800048828125,1948.0,1973.0999755859373,620833
2026-03-23,1965.199951171875,1965.199951171875,1890.0,1893.9000244140625,512613
2026-03-24,1945.0,1988.0999755859373,1896.9000244140625,1974.4000244140625,563124
2026-03-25,2000.0,2023.5,1981.5999755859373,1998.5999755859373,401237
2026-03-27,1970.0999755859373,2012.0,1965.699951171875,1986.199951171875,788881
2026-03-30,1970.0,1978.199951171875,1930.0999755859373,1937.0,805210
2026-04-01,1978.199951171875,2012.5,1911.0,1934.800048828125,827578
2026-04-02,1929.0,1929.0,1834.0,1899.199951171875,527735
2026-04-06,1904.9000244140625,1935.0,1860.5999755859373,1915.0,364128
2026-04-07,1912.0,1912.0999755859373,1859.5999755859373,1890.5999755859373,552064
2026-04-08,1974.699951171875,2055.10009765625,1961.0999755859373,2047.699951171875,809121
2026-04-09,2047.699951171875,2069.0,2021.0,2040.300048828125,586170
2026-04-10,2049.699951171875,2072.0,2016.0,2064.60009765625,399093
2026-04-13,1991.199951171875,2030.0,1975.0,1979.800048828125,1776688
2026-04-15,2008.0,2045.0,1985.699951171875,2041.5,607987
2026-04-16,2051.5,2074.5,2019.0,2045.300048828125,528290
2026-04-17,2059.800048828125,2118.0,2042.0999755859373,2105.699951171875,725274
2026-04-20,2120.10009765625,2150.699951171875,2087.5,2143.89990234375,1061518
2026-04-21,2165.0,2173.0,2092.60009765625,2106.60009765625,593683
2026-04-22,2115.199951171875,2126.0,2101.60009765625,2121.89990234375,262981
2026-04-23,2121.10009765625,2121.10009765625,2017.0,2022.9000244140625,568645
2026-04-24,2028.0,2039.5,1979.0,2004.5,581995
2026-04-27,2015.0,2050.0,1985.0,1987.699951171875,405884
2026-04-28,2008.300048828125,2014.800048828125,1958.0,1976.0,955731
2026-04-29,1989.4000244140625,1998.4000244140625,1959.5,1966.5999755859373,373009
2026-04-30,1956.5,1960.0,1895.5,1905.0,724251
2026-05-04,1910.0999755859373,1930.300048828125,1830.0,1873.0,2345721
2026-05-05,1882.5999755859373,1882.5999755859373,1848.0999755859373,1870.5999755859373,1091446
2026-05-06,1899.9000244140625,1921.0,1869.0,1914.699951171875,1098963
2026-05-07,1932.699951171875,1983.0,1925.699951171875,1973.699951171875,1360022
2026-05-08,1986.800048828125,2011.699951171875,1943.4000244140625,1948.5999755859373,639610
2026-05-11,1954.0,1967.5999755859373,1926.9000244140625,1949.800048828125,776066
2026-05-12,1953.0,1962.0,1876.0999755859373,1881.199951171875,482092
2026-05-13,1869.0999755859373,1906.300048828125,1865.199951171875,1891.0999755859373,242533
2026-05-14,1910.0,1912.699951171875,1840.300048828125,1890.0999755859373,368383
2026-05-15,1893.0,1900.5999755859373,1870.5999755859373,1890.199951171875,332459
2026-05-18,1889.0,1896.0999755859373,1843.0999755859373,1876.0,346633
2026-05-19,1882.0,1888.9000244140625,1853.5999755859373,1864.5,352685
2026-05-20,1848.699951171875,1874.5,1821.699951171875,1857.0999755859373,583164
2026-05-21,1879.199951171875,1882.9000244140625,1842.300048828125,1860.5999755859373,458555
2026-05-22,1863.800048828125,1885.0,1845.0,1880.5,285446
2026-05-25,1900.0,1908.9000244140625,1875.0,1898.5999755859373,622443
2026-05-26,1898.0,1898.0,1859.0,1874.0999755859373,1373368
2026-05-27,1872.0999755859373,1943.4000244140625,1854.0,1865.0,826659
2026-05-29,1897.9000244140625,1897.9000244140625,1820.0,1831.0999755859373,1955386
2026-06-01,1834.699951171875,1841.0,1783.5999755859375,1788.300048828125,940062
2026-06-02,1770.0,1794.199951171875,1736.0,1769.199951171875,1428676
2026-06-03,1769.199951171875,1815.0,1750.199951171875,1805.4000244140625,504247
2026-06-04,1797.699951171875,1823.0,1792.699951171875,1808.4000244140625,858119
2026-06-05,1810.0,1854.699951171875,1810.0,1822.5999755859373,985798
2026-06-08,1810.0,1834.4000244140625,1779.199951171875,1817.699951171875,996123
2026-06-09,1816.0,1829.5999755859373,1792.199951171875,1799.0,379633
2026-06-10,1790.0,1802.300048828125,1757.300048828125,1762.4000244140625,411058
2026-06-11,1750.0,1776.5,1743.699951171875,1764.0999755859375,473764
2026-06-12,1780.0999755859375,1822.5999755859373,1758.300048828125,1817.5999755859373,737739
2026-06-15,1832.199951171875,1851.300048828125,1817.5999755859373,1833.800048828125,1936420
2026-06-16,1842.9000244140625,1854.0,1826.5999755859373,1842.0,385124
2026-06-17,1842.0,1871.800048828125,1825.4000244140625,1854.5999755859373,590670
2026-06-18,1864.0,1865.0,1847.0,1860.9000244140625,290603
2026-06-19,1860.0,1878.5,1846.0999755859373,1871.5999755859373,502095
2026-06-22,1878.0,1878.300048828125,1847.0,1854.9000244140625,267967
2026-06-23,1854.5,1859.9000244140625,1834.0999755859373,1842.0,554813
2026-06-24,1833.199951171875,1843.199951171875,1803.199951171875,1826.199951171875,365657
2026-06-25,1835.0,1837.5,1788.300048828125,1799.9000244140625,685580
2026-06-29,1799.9000244140625,1809.0999755859373,1779.9000244140625,1787.5,520301
2026-06-30,1780.5999755859375,1799.0999755859375,1768.199951171875,1788.699951171875,890248
2026-07-01,1799.0,1799.0,1750.0999755859375,1785.0999755859375,765332
2026-07-02,1785.0,1810.0,1772.5999755859375,1788.300048828125,622157
2026-07-03,1805.0,1818.699951171875,1771.9000244140625,1788.0,1587782
2026-07-06,1809.4000244140625,1838.699951171875,1789.199951171875,1804.5,552695
2026-07-07,1821.800048828125,1833.0999755859373,1809.9000244140625,1819.800048828125,553315
2026-07-08,1819.800048828125,1827.0,1793.0999755859375,1809.5999755859373,967006
2026-07-09,1809.9000244140625,1817.4000244140625,1783.0,1785.9000244140625,545728
2026-07-10,1804.0,1842.0,1793.800048828125,1835.9000244140625,574758
2026-07-13,1828.9000244140625,1835.9000244140625,1808.0999755859373,1828.699951171875,424648
2026-07-14,1823.9000244140625,1830.800048828125,1795.5,1799.0,320507
2026-07-15,1804.0,1826.0,1795.0,1817.199951171875,257930
2026-07-16,1817.0999755859373,1820.699951171875,1790.0,1792.5,354991
2026-07-17,1800.0,1807.4000244140625,1789.199951171875,1795.4000244140625,311231
2026-07-20,1795.4000244140625,1821.800048828125,1789.300048828125,1814.300048828125,410486
2026-07-21,1823.0,1824.699951171875,1804.800048828125,1819.5999755859373,210617
2026-07-22,1823.0,1826.4000244140625,1797.300048828125,1822.9000244140625,340192
2026-07-23,1815.0,1847.5,1812.0,1830.9000244140625,396102
2026-07-24,1820.0,1834.800048828125,1802.5,1822.800048828125,230979
2026-07-27,1825.0,1864.0,1822.0,1849.9000244140625,282747
2026-07-28,1852.4000244140625,1862.0,1820.0,1846.699951171875,340964
2026-07-29,1860.0,1872.300048828125,1852.199951171875,1869.800048828125,349647
2026-07-30,1875.0,1896.0999755859373,1855.0,1893.0999755859373,472960
2026-07-31,1908.0,1908.0,1805.0,1819.5,882618
2026-08-03,1820.300048828125,1958.0,1820.300048828125,1941.5,4250646
2026-08-04,1956.9000244140625,1973.5999755859373,1913.0,1920.0,627233
2026-08-05,1945.0,1965.0,1905.5999755859373,1948.5,539637
2026-08-06,1968.0,1996.0,1948.5,1971.800048828125,609470
2026-08-07,1945.9000244140625,1970.0,1942.5,1970.0,404634
2026-08-10,1974.9000244140625,2020.0,1951.699951171875,2020.0,587212
2026-08-11,2027.0,2027.0,1991.5999755859373,2012.699951171875,735881
2026-08-12,2016.9000244140625,2018.800048828125,1991.300048828125,1997.0999755859373,713494
2026-08-13,1990.9000244140625,2073.0,1989.4000244140625,2064.300048828125,825819
2026-08-14,2060.0,2099.0,2037.0,2083.300048828125,594480
2026-08-17,2093.0,2110.89990234375,2072.39990234375,2081.300048828125,439004
2026-08-18,2082.0,2122.0,2075.10009765625,2115.0,418384
2026-08-19,2115.0,2121.800048828125,2097.199951171875,2121.800048828125,292310
2026-08-20,2132.60009765625,2153.699951171875,2125.0,2140.0,445965
2026-08-21,2140.89990234375,2162.199951171875,2126.300048828125,2139.0,237091
2026-08-24,2149.800048828125,2172.800048828125,2131.800048828125,2145.0,246967
2026-08-25,2145.0,2151.800048828125,2124.0,2139.300048828125,612263
2026-08-26,2135.699951171875,2159.0,2119.699951171875,2159.0,595555
2026-08-27,2159.0,2235.199951171875,2154.89990234375,2188.0,1061660
2026-08-28,2187.0,2278.39990234375,2182.5,2265.60009765625,1037503
2026-08-31,2260.0,2264.89990234375,2207.10009765625,2223.39990234375,1080567
2026-09-01,2228.699951171875,2258.800048828125,2214.0,2234.0,642022
2026-09-02,2219.199951171875,2228.5,2186.699951171875,2210.0,786401
2026-09-03,2230.0,2232.0,2136.5,2159.39990234375,1385173
2026-09-04,2154.60009765625,2281.0,2150.39990234375,2250.0,955898
2026-09-07,2250.0,2255.0,2198.800048828125,2215.0,709152
2026-09-08,2204.60009765625,2204.800048828125,2165.0,2185.0,922545
2026-09-09,2182.0,2194.89990234375,2165.0,2168.0,270132
2026-09-10,2180.0,2194.800048828125,2158.39990234375,2194.800048828125,292114
2026-09-11,2176.199951171875,2176.199951171875,2109.800048828125,2153.5,591497
2026-09-15,2157.0,2160.0,2107.699951171875,2119.300048828125,433955
2026-09-16,2115.0,2132.89990234375,2041.300048828125,2120.0,925656
2026-09-17,2110.0,2170.0,2110.0,2148.5,335846
2026-09-18,2154.89990234375,2270.10009765625,2146.300048828125,2270.10009765625,1115754
2026-09-21,2224.199951171875,2229.0,2178.699951171875,2181.10009765625,594021
2026-09-22,2180.89990234375,2199.300048828125,2159.89990234375,2195.0,598926
2026-09-23,2199.0,2204.0,2178.0,2195.0,357495
2026-09-24,2177.0,2204.89990234375,2158.199951171875,2184.800048828125,469749
2026-09-25,2179.10009765625,2219.0,2176.5,2214.699951171875,339094
2026-09-28,2210.199951171875,2210.199951171875,2174.89990234375,2197.0,319955
2026-09-29,2191.89990234375,2217.800048828125,2172.10009765625,2188.60009765625,639487
2026-09-30,2201.89990234375,2224.5,2181.60009765625,2190.10009765625,587346
2026-10-01,2187.199951171875,2196.800048828125,2059.5,2115.699951171875,1615811
